#      time         order        pmv_1        ppd_1     
  336.0000000       1.0000       0.0000       0.0000    
  336.0277111       1.0000       0.0000       0.0000    
  336.0554222       1.0000       0.0000       0.0000    
  336.0682198       1.0000       0.0000       0.0000    
  336.0682198       1.0000       0.0000       0.0000    
  336.0903887       1.0000       0.0000       0.0000    
  336.1125575       1.0000       0.0000       0.0000    
  336.1568953       1.0000       0.0000       0.0000    
  336.2455708       1.0000       0.0000       0.0000    
  336.4229219       1.0000       0.0000       0.0000    
  336.7776240       1.0000       0.0000       0.0000    
  337.0000000       1.0000       0.0000       0.0000    
  337.0000000       1.0000       0.0000       0.0000    
  337.2837617       1.0000       0.0000       0.0000    
  337.5675234       1.0000       0.0000       0.0000    
  338.0000000       1.0000       0.0000       0.0000    
  338.0000000       1.0000       0.0000       0.0000    
  338.2270094       1.0000       0.0000       0.0000    
  338.4540187       1.0000       0.0000       0.0000    
  338.9080375       1.0000       0.0000       0.0000    
  339.0000000       1.0000       0.0000       0.0000    
  339.0000000       1.0000       0.0000       0.0000    
  339.3632150       1.0000       0.0000       0.0000    
  339.7264300       1.0000       0.0000       0.0000    
  340.0000000       1.0000       0.0000       0.0000    
  340.0000000       1.0000       0.0000       0.0000    
  340.2001218       1.0000       0.0000       0.0000    
  340.4002436       1.0000       0.0000       0.0000    
  340.4264857       1.0000       0.0000       0.0000    
  340.4789699       1.0000       0.0000       0.0000    
  340.4789699       1.0000       0.0000       0.0000    
  340.6390673       1.0000       0.0000       0.0000    
  340.7991647       1.0000       0.0000       0.0000    
  341.0000000       1.0000       0.0000       0.0000    
  341.0000000       1.0000       0.0000       0.0000    
  341.0334978       1.0000       0.0000       0.0000    
  341.0669955       1.0000       0.0000       0.0000    
  341.0986329       1.0000       0.0000       0.0000    
  341.1209903       1.0000       0.0000       0.0000    
  341.1405617       1.0000       0.0000       0.0000    
  341.1612116       1.0000       0.0000       0.0000    
  341.1798055       1.0000       0.0000       0.0000    
  341.1984890       1.0000       0.0000       0.0000    
  341.2164927       1.0000       0.0000       0.0000    
  341.2347019       1.0000       0.0000       0.0000    
  341.2529417       1.0000       0.0000       0.0000    
  341.2719537       1.0000       0.0000       0.0000    
  341.2926427       1.0000       0.0000       0.0000    
  341.3153501       1.0000       0.0000       0.0000    
  341.3408346       1.0000       0.0000       0.0000    
  341.3695986       1.0000       0.0000       0.0000    
  341.4029150       1.0000       0.0000       0.0000    
  341.4420061       1.0000       0.0000       0.0000    
  341.4891999       1.0000       0.0000       0.0000    
  341.5478014       1.0000       0.0000       0.0000    
  341.6239840       1.0000       0.0000       0.0000    
  341.7273979       1.0000       0.0000       0.0000    
  341.8824781       1.0000     -0.97415       25.044    
  342.0000000       1.0000     -0.96936       24.847    
  342.0000000       1.0000     -0.97178       24.947    
  342.0253099       1.0000     -0.97180       24.948    
  342.0506198       1.0000     -0.97182       24.948    
  342.1012396       1.0000     -0.97185       24.949    
  342.2024792       1.0000     -0.97189       24.951    
  342.4049584       1.0000     -0.97188       24.951    
  342.8099168       1.0000     -0.97162       24.940    
  343.0000000       1.0000     -0.97148       24.934    
  343.0000000       1.0000     -0.97148       24.934    
  343.0343945       1.0000     -0.67396       14.546    
  343.0687890       1.0000     -0.60820       12.758    
  343.1011679       1.0000     -0.63723       13.524    
  343.1334259       1.0000     -0.68236       14.787    
  343.1754230       1.0000     -0.70682       15.509    
  343.2405886       1.0000     -0.70306       15.396    
  343.3211551       1.0000     -0.69591       15.184    
  343.4506229       1.0000     -0.69277       15.091    
  343.6546876       1.0000     -0.68985       15.006    
  344.0000000       1.0000     -0.68540       14.876    
  344.0000000       1.0000     -0.68540       14.876    
  344.0275156       1.0000     -0.68505       14.865    
  344.0550312       1.0000     -0.68470       14.855    
  344.1100624       1.0000     -0.68402       14.835    
  344.2201247       1.0000     -0.68272       14.798    
  344.4402494       1.0000     -0.68041       14.731    
  344.8804989       1.0000     -0.67657       14.620    
  345.0000000       1.0000     -0.67557       14.592    
  345.0000000       1.0000     -0.67557       14.592    
  345.3521996       1.0000     -0.67303       14.519    
  345.7043991       1.0000     -0.67080       14.455    
  346.0000000       1.0000     -0.66911       14.407    
  346.0000000       1.0000     -0.66911       14.407    
  346.2817596       1.0000     -0.66767       14.366    
  346.5635193       1.0000     -0.66644       14.332    
  347.0000000       1.0000     -0.66477       14.285    
  347.0000000       1.0000     -0.66477       14.285    
  347.2254077       1.0000     -0.66396       14.262    
  347.4508154       1.0000     -0.66320       14.240    
  347.9016309       1.0000     -0.66181       14.201    
  348.0000000       1.0000     -0.66151       14.193    
  348.0000000       1.0000     -0.66151       14.193    
  348.3606523       1.0000     -0.66050       14.164    
  348.7213047       1.0000     -0.65955       14.138    
  349.0000000       1.0000     -0.65885       14.118    
  349.0000000       1.0000     -0.65885       14.118    
  349.2885219       1.0000     -0.65816       14.099    
  349.5770437       1.0000     -0.65750       14.080    
  350.0000000       1.0000     -0.65658       14.055    
  350.0000000       1.0000     -0.65658       14.055    
  350.2308175       1.0000     -0.65610       14.041    
  350.4616350       1.0000     -0.65563       14.029    
  350.9232700       1.0000     -0.65476       14.004    
  351.0000000       1.0000     -0.65462       14.000    
  351.0000000       1.0000     -0.65462       14.000    
  351.3693080       1.0000     -0.65396       13.982    
  351.7386160       1.0000     -0.65334       13.965    
  352.0000000       1.0000     -0.65292       13.953    
  352.0000000       1.0000     -0.65292       13.953    
  352.2954464       1.0000     -0.65246       13.940    
  352.5908928       1.0000     -0.65202       13.928    
  353.0000000       1.0000     -0.65145       13.913    
  353.0000000       1.0000     -0.65145       13.913    
  353.2363571       1.0000     -0.65114       13.904    
  353.4727142       1.0000     -0.65084       13.896    
  353.9454285       1.0000     -0.65030       13.881    
  354.0000000       1.0000     -0.65024       13.879    
  354.0000000       1.0000     -0.65024       13.879    
  354.0046237       1.0000     -0.70930       15.584    
  354.0092474       1.0000     -0.77189       17.554    
  354.0134995       1.0000     -0.79630       18.368    
  354.0183217       1.0000     -0.80881       18.794    
  354.0235101       1.0000     -0.82180       19.245    
  354.0295713       1.0000     -0.83638       19.759    
  354.0367418       1.0000     -0.85283       20.349    
  354.0460348       1.0000     -0.87293       21.085    
  354.0614277       1.0000     -0.90327       22.229    
  354.0775703       1.0000     -0.93243       23.363    
  354.0952626       1.0000     -0.96162       24.532    
  354.1127913       1.0000     -0.98821       25.626    
  354.1321187       1.0000     -0.98827       25.628    
  354.1528605       1.0000     -0.93696       23.542    
  354.1761059       1.0000     -0.89537       21.927    
  354.2020697       1.0000     -0.87932       21.323    
  354.2319999       1.0000     -0.88602       21.574    
  354.2670233       1.0000     -0.90053       22.124    
  354.3090896       1.0000     -0.90924       22.458    
  354.3608223       1.0000     -0.91054       22.508    
  354.4274249       1.0000     -0.91046       22.505    
  354.5171729       1.0000     -0.91219       22.572    
  354.6460644       1.0000     -0.91500       22.681    
  354.8494436       1.0000     -0.91863       22.822    
  355.0000000       1.0000     -0.92129       22.925    
  355.0000000       1.0000     -0.92129       22.925    
  355.0034017       1.0000     -0.92135       22.928    
  355.0068033       1.0000     -0.92141       22.930    
  355.0136067       1.0000     -0.92153       22.935    
  355.0272133       1.0000     -0.92177       22.944    
  355.0544266       1.0000     -0.92224       22.962    
  355.1088533       1.0000     -0.92315       22.998    
  355.2177065       1.0000       0.0000       0.0000    
  355.4354130       1.0000       0.0000       0.0000    
  355.8708261       1.0000       0.0000       0.0000    
  356.0000000       1.0000       0.0000       0.0000    
  356.0000000       1.0000       0.0000       0.0000    
  356.3483304       1.0000       0.0000       0.0000    
  356.6966609       1.0000       0.0000       0.0000    
  357.0000000       1.0000       0.0000       0.0000    
  357.0000000       1.0000       0.0000       0.0000    
  357.2786643       1.0000       0.0000       0.0000    
  357.5573287       1.0000       0.0000       0.0000    
  358.0000000       1.0000       0.0000       0.0000    
  358.0000000       1.0000       0.0000       0.0000    
  358.2229315       1.0000       0.0000       0.0000    
  358.4458630       1.0000       0.0000       0.0000    
  358.4664371       1.0000       0.0000       0.0000    
  358.5075855       1.0000       0.0000       0.0000    
  358.5075855       1.0000       0.0000       0.0000    
  358.6859307       1.0000       0.0000       0.0000    
  358.8642759       1.0000       0.0000       0.0000    
  359.0000000       1.0000       0.0000       0.0000    
  359.0000000       1.0000       0.0000       0.0000    
  359.1426761       1.0000       0.0000       0.0000    
  359.2853523       1.0000       0.0000       0.0000    
  359.5707046       1.0000       0.0000       0.0000    
  360.0000000       1.0000       0.0000       0.0000    
