#      time         order        pmv_1        ppd_1     
  336.0000000       1.0000       0.0000       0.0000    
  336.0277111       1.0000       0.0000       0.0000    
  336.0554222       1.0000       0.0000       0.0000    
  336.0682198       1.0000       0.0000       0.0000    
  336.0682198       1.0000       0.0000       0.0000    
  336.0903887       1.0000       0.0000       0.0000    
  336.1125575       1.0000       0.0000       0.0000    
  336.1568953       1.0000       0.0000       0.0000    
  336.2455708       1.0000       0.0000       0.0000    
  336.4229219       1.0000       0.0000       0.0000    
  336.7776240       1.0000       0.0000       0.0000    
  337.0000000       1.0000       0.0000       0.0000    
  337.0000000       1.0000       0.0000       0.0000    
  337.2837617       1.0000       0.0000       0.0000    
  337.5675234       1.0000       0.0000       0.0000    
  338.0000000       1.0000       0.0000       0.0000    
  338.0000000       1.0000       0.0000       0.0000    
  338.2270094       1.0000       0.0000       0.0000    
  338.4540187       1.0000       0.0000       0.0000    
  338.9080375       1.0000       0.0000       0.0000    
  339.0000000       1.0000       0.0000       0.0000    
  339.0000000       1.0000       0.0000       0.0000    
  339.3632150       1.0000       0.0000       0.0000    
  339.7264300       1.0000       0.0000       0.0000    
  340.0000000       1.0000       0.0000       0.0000    
  340.0000000       1.0000       0.0000       0.0000    
  340.2001218       1.0000       0.0000       0.0000    
  340.4002436       1.0000       0.0000       0.0000    
  340.4264857       1.0000       0.0000       0.0000    
  340.4789699       1.0000       0.0000       0.0000    
  340.4789699       1.0000       0.0000       0.0000    
  340.6390673       1.0000       0.0000       0.0000    
  340.7991647       1.0000       0.0000       0.0000    
  341.0000000       1.0000       0.0000       0.0000    
  341.0000000       1.0000       0.0000       0.0000    
  341.0334978       1.0000       0.0000       0.0000    
  341.0669955       1.0000       0.0000       0.0000    
  341.0986329       1.0000       0.0000       0.0000    
  341.1209903       1.0000       0.0000       0.0000    
  341.1405617       1.0000       0.0000       0.0000    
  341.1612116       1.0000       0.0000       0.0000    
  341.1798055       1.0000       0.0000       0.0000    
  341.1984890       1.0000       0.0000       0.0000    
  341.2164927       1.0000       0.0000       0.0000    
  341.2347019       1.0000       0.0000       0.0000    
  341.2529417       1.0000       0.0000       0.0000    
  341.2719537       1.0000       0.0000       0.0000    
  341.2926427       1.0000       0.0000       0.0000    
  341.3153501       1.0000       0.0000       0.0000    
  341.3408346       1.0000       0.0000       0.0000    
  341.3695986       1.0000       0.0000       0.0000    
  341.4029150       1.0000       0.0000       0.0000    
  341.4420061       1.0000       0.0000       0.0000    
  341.4891999       1.0000       0.0000       0.0000    
  341.5478014       1.0000       0.0000       0.0000    
  341.6239840       1.0000       0.0000       0.0000    
  341.7273979       1.0000       0.0000       0.0000    
  341.8824781       1.0000     -0.96166       24.534    
  342.0000000       1.0000     -0.95689       24.340    
  342.0000000       1.0000     -0.95935       24.440    
  342.0253099       1.0000     -0.95937       24.441    
  342.0506198       1.0000     -0.95939       24.441    
  342.1012396       1.0000     -0.95942       24.443    
  342.2024792       1.0000     -0.95948       24.445    
  342.4049584       1.0000     -0.95950       24.446    
  342.8099168       1.0000     -0.95931       24.438    
  343.0000000       1.0000     -0.95920       24.434    
  343.0000000       1.0000     -0.95920       24.434    
  343.0343945       1.0000     -0.66534       14.301    
  343.0687890       1.0000     -0.60038       12.558    
  343.1011679       1.0000     -0.62983       13.325    
  343.1334259       1.0000     -0.67456       14.563    
  343.1754230       1.0000     -0.69866       15.265    
  343.2405886       1.0000     -0.69479       15.151    
  343.3211551       1.0000     -0.68761       14.940    
  343.4506229       1.0000     -0.68436       14.845    
  343.6546876       1.0000     -0.68128       14.756    
  344.0000000       1.0000     -0.67659       14.621    
  344.0000000       1.0000     -0.67659       14.621    
  344.0275156       1.0000     -0.67622       14.610    
  344.0550312       1.0000     -0.67585       14.600    
  344.1100624       1.0000     -0.67513       14.579    
  344.2201247       1.0000     -0.67378       14.540    
  344.4402494       1.0000     -0.67136       14.471    
  344.8804989       1.0000     -0.66735       14.357    
  345.0000000       1.0000     -0.66631       14.328    
  345.0000000       1.0000     -0.66631       14.328    
  345.3521996       1.0000     -0.66368       14.254    
  345.7043991       1.0000     -0.66137       14.189    
  346.0000000       1.0000     -0.65977       14.144    
  346.0000000       1.0000     -0.65977       14.144    
  346.2817596       1.0000     -0.65840       14.106    
  346.5635193       1.0000     -0.65716       14.071    
  347.0000000       1.0000     -0.65546       14.024    
  347.0000000       1.0000     -0.65546       14.024    
  347.2254077       1.0000     -0.65463       14.001    
  347.4508154       1.0000     -0.65385       13.979    
  347.9016309       1.0000     -0.65245       13.940    
  348.0000000       1.0000     -0.65215       13.932    
  348.0000000       1.0000     -0.65215       13.932    
  348.3606523       1.0000     -0.65112       13.903    
  348.7213047       1.0000     -0.65016       13.877    
  349.0000000       1.0000     -0.64945       13.857    
  349.0000000       1.0000     -0.64945       13.857    
  349.2885219       1.0000     -0.64875       13.838    
  349.5770437       1.0000     -0.64807       13.819    
  350.0000000       1.0000     -0.64714       13.794    
  350.0000000       1.0000     -0.64714       13.794    
  350.2308175       1.0000     -0.64664       13.780    
  350.4616350       1.0000     -0.64616       13.767    
  350.9232700       1.0000     -0.64525       13.742    
  351.0000000       1.0000     -0.64510       13.738    
  351.0000000       1.0000     -0.64510       13.738    
  351.3693080       1.0000     -0.64441       13.719    
  351.7386160       1.0000     -0.64375       13.701    
  352.0000000       1.0000     -0.64330       13.689    
  352.0000000       1.0000     -0.64330       13.689    
  352.2954464       1.0000     -0.64282       13.676    
  352.5908928       1.0000     -0.64235       13.663    
  353.0000000       1.0000     -0.64174       13.646    
  353.0000000       1.0000     -0.64174       13.646    
  353.2363571       1.0000     -0.64140       13.637    
  353.4727142       1.0000     -0.64107       13.628    
  353.9454285       1.0000     -0.64047       13.612    
  354.0000000       1.0000     -0.64040       13.610    
  354.0000000       1.0000     -0.64040       13.610    
  354.0046237       1.0000     -0.69893       15.273    
  354.0092474       1.0000     -0.75548       17.021    
  354.0134995       1.0000     -0.76490       17.325    
  354.0183217       1.0000     -0.77515       17.661    
  354.0235101       1.0000     -0.78580       18.014    
  354.0295713       1.0000     -0.79772       18.416    
  354.0367418       1.0000     -0.81114       18.875    
  354.0460348       1.0000     -0.82746       19.443    
  354.0614277       1.0000     -0.85195       20.317    
  354.0775703       1.0000     -0.87529       21.173    
  354.0952626       1.0000     -0.89844       22.044    
  354.1127913       1.0000     -0.91927       22.847    
  354.1321187       1.0000     -0.94016       23.669    
  354.1528605       1.0000     -0.96053       24.488    
  354.1761059       1.0000     -0.92043       22.892    
  354.2020697       1.0000     -0.88509       21.539    
  354.2319999       1.0000     -0.87229       21.062    
  354.2670233       1.0000     -0.87869       21.300    
  354.3090896       1.0000     -0.88950       21.705    
  354.3608223       1.0000     -0.89467       21.901    
  354.4274249       1.0000     -0.89572       21.941    
  354.5171729       1.0000     -0.89727       21.999    
  354.6460644       1.0000     -0.90039       22.118    
  354.8494436       1.0000     -0.90460       22.280    
  355.0000000       1.0000     -0.90725       22.381    
  355.0000000       1.0000     -0.90725       22.381    
  355.0034017       1.0000     -0.90731       22.384    
  355.0068033       1.0000     -0.90736       22.386    
  355.0136067       1.0000     -0.90748       22.390    
  355.0272133       1.0000     -0.90772       22.399    
  355.0544266       1.0000     -0.90816       22.416    
  355.1088533       1.0000     -0.90904       22.450    
  355.2177065       1.0000       0.0000       0.0000    
  355.4354130       1.0000       0.0000       0.0000    
  355.8708261       1.0000       0.0000       0.0000    
  356.0000000       1.0000       0.0000       0.0000    
  356.0000000       1.0000       0.0000       0.0000    
  356.3483304       1.0000       0.0000       0.0000    
  356.6966609       1.0000       0.0000       0.0000    
  357.0000000       1.0000       0.0000       0.0000    
  357.0000000       1.0000       0.0000       0.0000    
  357.2786643       1.0000       0.0000       0.0000    
  357.5573287       1.0000       0.0000       0.0000    
  358.0000000       1.0000       0.0000       0.0000    
  358.0000000       1.0000       0.0000       0.0000    
  358.2229315       1.0000       0.0000       0.0000    
  358.4458630       1.0000       0.0000       0.0000    
  358.4664371       1.0000       0.0000       0.0000    
  358.5075855       1.0000       0.0000       0.0000    
  358.5075855       1.0000       0.0000       0.0000    
  358.6859307       1.0000       0.0000       0.0000    
  358.8642759       1.0000       0.0000       0.0000    
  359.0000000       1.0000       0.0000       0.0000    
  359.0000000       1.0000       0.0000       0.0000    
  359.1426761       1.0000       0.0000       0.0000    
  359.2853523       1.0000       0.0000       0.0000    
  359.5707046       1.0000       0.0000       0.0000    
  360.0000000       1.0000       0.0000       0.0000    
