#      time         order        pmv_1        ppd_1     
  336.0000000       1.0000       0.0000       0.0000    
  336.0277111       1.0000       0.0000       0.0000    
  336.0554222       1.0000       0.0000       0.0000    
  336.0682198       1.0000       0.0000       0.0000    
  336.0682198       1.0000       0.0000       0.0000    
  336.0903887       1.0000       0.0000       0.0000    
  336.1125575       1.0000       0.0000       0.0000    
  336.1568953       1.0000       0.0000       0.0000    
  336.2455708       1.0000       0.0000       0.0000    
  336.4229219       1.0000       0.0000       0.0000    
  336.7776240       1.0000       0.0000       0.0000    
  337.0000000       1.0000       0.0000       0.0000    
  337.0000000       1.0000       0.0000       0.0000    
  337.2837617       1.0000       0.0000       0.0000    
  337.5675234       1.0000       0.0000       0.0000    
  338.0000000       1.0000       0.0000       0.0000    
  338.0000000       1.0000       0.0000       0.0000    
  338.2270094       1.0000       0.0000       0.0000    
  338.4540187       1.0000       0.0000       0.0000    
  338.9080375       1.0000       0.0000       0.0000    
  339.0000000       1.0000       0.0000       0.0000    
  339.0000000       1.0000       0.0000       0.0000    
  339.3632150       1.0000       0.0000       0.0000    
  339.7264300       1.0000       0.0000       0.0000    
  340.0000000       1.0000       0.0000       0.0000    
  340.0000000       1.0000       0.0000       0.0000    
  340.2001218       1.0000       0.0000       0.0000    
  340.4002436       1.0000       0.0000       0.0000    
  340.4264857       1.0000       0.0000       0.0000    
  340.4789699       1.0000       0.0000       0.0000    
  340.4789699       1.0000       0.0000       0.0000    
  340.6390673       1.0000       0.0000       0.0000    
  340.7991647       1.0000       0.0000       0.0000    
  341.0000000       1.0000       0.0000       0.0000    
  341.0000000       1.0000       0.0000       0.0000    
  341.0334978       1.0000       0.0000       0.0000    
  341.0669955       1.0000       0.0000       0.0000    
  341.0986329       1.0000       0.0000       0.0000    
  341.1209903       1.0000       0.0000       0.0000    
  341.1405617       1.0000       0.0000       0.0000    
  341.1612116       1.0000       0.0000       0.0000    
  341.1798055       1.0000       0.0000       0.0000    
  341.1984890       1.0000       0.0000       0.0000    
  341.2164927       1.0000       0.0000       0.0000    
  341.2347019       1.0000       0.0000       0.0000    
  341.2529417       1.0000       0.0000       0.0000    
  341.2719537       1.0000       0.0000       0.0000    
  341.2926427       1.0000       0.0000       0.0000    
  341.3153501       1.0000       0.0000       0.0000    
  341.3408346       1.0000       0.0000       0.0000    
  341.3695986       1.0000       0.0000       0.0000    
  341.4029150       1.0000       0.0000       0.0000    
  341.4420061       1.0000       0.0000       0.0000    
  341.4891999       1.0000       0.0000       0.0000    
  341.5478014       1.0000       0.0000       0.0000    
  341.6239840       1.0000       0.0000       0.0000    
  341.7273979       1.0000       0.0000       0.0000    
  341.8824781       1.0000     -0.96987       24.868    
  342.0000000       1.0000     -0.96508       24.673    
  342.0000000       1.0000     -0.96751       24.772    
  342.0253099       1.0000     -0.96753       24.773    
  342.0506198       1.0000     -0.96755       24.774    
  342.1012396       1.0000     -0.96758       24.775    
  342.2024792       1.0000     -0.96763       24.777    
  342.4049584       1.0000     -0.96763       24.777    
  342.8099168       1.0000     -0.96739       24.767    
  343.0000000       1.0000     -0.96726       24.762    
  343.0000000       1.0000     -0.96726       24.762    
  343.0343945       1.0000     -0.67101       14.461    
  343.0687890       1.0000     -0.60551       12.689    
  343.1011679       1.0000     -0.63470       13.456    
  343.1334259       1.0000     -0.67968       14.710    
  343.1754230       1.0000     -0.70402       15.425    
  343.2405886       1.0000     -0.70022       15.312    
  343.3211551       1.0000     -0.69306       15.100    
  343.4506229       1.0000     -0.68988       15.006    
  343.6546876       1.0000     -0.68691       14.919    
  344.0000000       1.0000     -0.68237       14.788    
  344.0000000       1.0000     -0.68237       14.788    
  344.0275156       1.0000     -0.68201       14.777    
  344.0550312       1.0000     -0.68165       14.767    
  344.1100624       1.0000     -0.68096       14.747    
  344.2201247       1.0000     -0.67965       14.709    
  344.4402494       1.0000     -0.67730       14.641    
  344.8804989       1.0000     -0.67340       14.529    
  345.0000000       1.0000     -0.67239       14.501    
  345.0000000       1.0000     -0.67239       14.501    
  345.3521996       1.0000     -0.66981       14.427    
  345.7043991       1.0000     -0.66755       14.363    
  346.0000000       1.0000     -0.66585       14.315    
  346.0000000       1.0000     -0.66585       14.315    
  346.2817596       1.0000     -0.66448       14.276    
  346.5635193       1.0000     -0.66325       14.242    
  347.0000000       1.0000     -0.66157       14.194    
  347.0000000       1.0000     -0.66157       14.194    
  347.2254077       1.0000     -0.66075       14.171    
  347.4508154       1.0000     -0.65998       14.150    
  347.9016309       1.0000     -0.65859       14.111    
  348.0000000       1.0000     -0.65829       14.103    
  348.0000000       1.0000     -0.65829       14.103    
  348.3606523       1.0000     -0.65728       14.074    
  348.7213047       1.0000     -0.65632       14.048    
  349.0000000       1.0000     -0.65562       14.028    
  349.0000000       1.0000     -0.65562       14.028    
  349.2885219       1.0000     -0.65492       14.009    
  349.5770437       1.0000     -0.65426       13.990    
  350.0000000       1.0000     -0.65334       13.965    
  350.0000000       1.0000     -0.65334       13.965    
  350.2308175       1.0000     -0.65285       13.951    
  350.4616350       1.0000     -0.65238       13.938    
  350.9232700       1.0000     -0.65149       13.914    
  351.0000000       1.0000     -0.65135       13.910    
  351.0000000       1.0000     -0.65135       13.910    
  351.3693080       1.0000     -0.65068       13.891    
  351.7386160       1.0000     -0.65005       13.874    
  352.0000000       1.0000     -0.64962       13.862    
  352.0000000       1.0000     -0.64962       13.862    
  352.2954464       1.0000     -0.64915       13.849    
  352.5908928       1.0000     -0.64870       13.837    
  353.0000000       1.0000     -0.64812       13.821    
  353.0000000       1.0000     -0.64812       13.821    
  353.2363571       1.0000     -0.64780       13.812    
  353.4727142       1.0000     -0.64749       13.803    
  353.9454285       1.0000     -0.64692       13.788    
  354.0000000       1.0000     -0.64686       13.786    
  354.0000000       1.0000     -0.64686       13.786    
  354.0046237       1.0000     -0.70574       15.476    
  354.0092474       1.0000     -0.76810       17.430    
  354.0134995       1.0000     -0.78547       18.003    
  354.0183217       1.0000     -0.79715       18.397    
  354.0235101       1.0000     -0.80931       18.812    
  354.0295713       1.0000     -0.82292       19.284    
  354.0367418       1.0000     -0.83827       19.826    
  354.0460348       1.0000     -0.85700       20.500    
  354.0614277       1.0000     -0.88520       21.543    
  354.0775703       1.0000     -0.91223       22.573    
  354.0952626       1.0000     -0.93920       23.631    
  354.1127913       1.0000     -0.96363       24.614    
  354.1321187       1.0000     -0.98834       25.631    
  354.1528605       1.0000     -0.94610       23.906    
  354.1761059       1.0000     -0.90089       22.138    
  354.2020697       1.0000     -0.87810       21.278    
  354.2319999       1.0000     -0.87974       21.339    
  354.2670233       1.0000     -0.89301       21.838    
  354.3090896       1.0000     -0.90292       22.215    
  354.3608223       1.0000     -0.90531       22.307    
  354.4274249       1.0000     -0.90541       22.311    
  354.5171729       1.0000     -0.90710       22.376    
  354.6460644       1.0000     -0.91006       22.490    
  354.8494436       1.0000     -0.91386       22.636    
  355.0000000       1.0000     -0.91643       22.736    
  355.0000000       1.0000     -0.91643       22.736    
  355.0034017       1.0000     -0.91649       22.739    
  355.0068033       1.0000     -0.91655       22.741    
  355.0136067       1.0000     -0.91666       22.745    
  355.0272133       1.0000     -0.91690       22.754    
  355.0544266       1.0000     -0.91737       22.773    
  355.1088533       1.0000     -0.91831       22.809    
  355.2177065       1.0000       0.0000       0.0000    
  355.4354130       1.0000       0.0000       0.0000    
  355.8708261       1.0000       0.0000       0.0000    
  356.0000000       1.0000       0.0000       0.0000    
  356.0000000       1.0000       0.0000       0.0000    
  356.3483304       1.0000       0.0000       0.0000    
  356.6966609       1.0000       0.0000       0.0000    
  357.0000000       1.0000       0.0000       0.0000    
  357.0000000       1.0000       0.0000       0.0000    
  357.2786643       1.0000       0.0000       0.0000    
  357.5573287       1.0000       0.0000       0.0000    
  358.0000000       1.0000       0.0000       0.0000    
  358.0000000       1.0000       0.0000       0.0000    
  358.2229315       1.0000       0.0000       0.0000    
  358.4458630       1.0000       0.0000       0.0000    
  358.4664371       1.0000       0.0000       0.0000    
  358.5075855       1.0000       0.0000       0.0000    
  358.5075855       1.0000       0.0000       0.0000    
  358.6859307       1.0000       0.0000       0.0000    
  358.8642759       1.0000       0.0000       0.0000    
  359.0000000       1.0000       0.0000       0.0000    
  359.0000000       1.0000       0.0000       0.0000    
  359.1426761       1.0000       0.0000       0.0000    
  359.2853523       1.0000       0.0000       0.0000    
  359.5707046       1.0000       0.0000       0.0000    
  360.0000000       1.0000       0.0000       0.0000    
