#      time         order        pmv_1        ppd_1     
  336.0000000       1.0000       0.0000       0.0000    
  336.0277111       1.0000       0.0000       0.0000    
  336.0554222       1.0000       0.0000       0.0000    
  336.0682198       1.0000       0.0000       0.0000    
  336.0682198       1.0000       0.0000       0.0000    
  336.0903887       1.0000       0.0000       0.0000    
  336.1125575       1.0000       0.0000       0.0000    
  336.1568953       1.0000       0.0000       0.0000    
  336.2455708       1.0000       0.0000       0.0000    
  336.4229219       1.0000       0.0000       0.0000    
  336.7776240       1.0000       0.0000       0.0000    
  337.0000000       1.0000       0.0000       0.0000    
  337.0000000       1.0000       0.0000       0.0000    
  337.2837617       1.0000       0.0000       0.0000    
  337.5675234       1.0000       0.0000       0.0000    
  338.0000000       1.0000       0.0000       0.0000    
  338.0000000       1.0000       0.0000       0.0000    
  338.2270094       1.0000       0.0000       0.0000    
  338.4540187       1.0000       0.0000       0.0000    
  338.9080375       1.0000       0.0000       0.0000    
  339.0000000       1.0000       0.0000       0.0000    
  339.0000000       1.0000       0.0000       0.0000    
  339.3632150       1.0000       0.0000       0.0000    
  339.7264300       1.0000       0.0000       0.0000    
  340.0000000       1.0000       0.0000       0.0000    
  340.0000000       1.0000       0.0000       0.0000    
  340.2001218       1.0000       0.0000       0.0000    
  340.4002436       1.0000       0.0000       0.0000    
  340.4264857       1.0000       0.0000       0.0000    
  340.4789699       1.0000       0.0000       0.0000    
  340.4789699       1.0000       0.0000       0.0000    
  340.6390673       1.0000       0.0000       0.0000    
  340.7991647       1.0000       0.0000       0.0000    
  341.0000000       1.0000       0.0000       0.0000    
  341.0000000       1.0000       0.0000       0.0000    
  341.0334978       1.0000       0.0000       0.0000    
  341.0669955       1.0000       0.0000       0.0000    
  341.0986329       1.0000       0.0000       0.0000    
  341.1209903       1.0000       0.0000       0.0000    
  341.1405617       1.0000       0.0000       0.0000    
  341.1612116       1.0000       0.0000       0.0000    
  341.1798055       1.0000       0.0000       0.0000    
  341.1984890       1.0000       0.0000       0.0000    
  341.2164927       1.0000       0.0000       0.0000    
  341.2347019       1.0000       0.0000       0.0000    
  341.2529417       1.0000       0.0000       0.0000    
  341.2719537       1.0000       0.0000       0.0000    
  341.2926427       1.0000       0.0000       0.0000    
  341.3153501       1.0000       0.0000       0.0000    
  341.3408346       1.0000       0.0000       0.0000    
  341.3695986       1.0000       0.0000       0.0000    
  341.4029150       1.0000       0.0000       0.0000    
  341.4420061       1.0000       0.0000       0.0000    
  341.4891999       1.0000       0.0000       0.0000    
  341.5478014       1.0000       0.0000       0.0000    
  341.6239840       1.0000       0.0000       0.0000    
  341.7273979       1.0000       0.0000       0.0000    
  341.8824781       1.0000     -0.94260       23.766    
  342.0000000       1.0000     -0.93792       23.580    
  342.0000000       1.0000     -0.94040       23.679    
  342.0253099       1.0000     -0.94043       23.680    
  342.0506198       1.0000     -0.94045       23.680    
  342.1012396       1.0000     -0.94049       23.682    
  342.2024792       1.0000     -0.94055       23.685    
  342.4049584       1.0000     -0.94060       23.686    
  342.8099168       1.0000     -0.94046       23.681    
  343.0000000       1.0000     -0.94039       23.678    
  343.0000000       1.0000     -0.94039       23.678    
  343.0343945       1.0000     -0.64800       13.818    
  343.0687890       1.0000     -0.58476       12.166    
  343.1011679       1.0000     -0.61614       12.964    
  343.1334259       1.0000     -0.66131       14.187    
  343.1754230       1.0000     -0.68492       14.862    
  343.2405886       1.0000     -0.68056       14.735    
  343.3211551       1.0000     -0.67341       14.530    
  343.4506229       1.0000     -0.67028       14.440    
  343.6546876       1.0000     -0.66721       14.353    
  344.0000000       1.0000     -0.66246       14.219    
  344.0000000       1.0000     -0.66246       14.219    
  344.0275156       1.0000     -0.66208       14.209    
  344.0550312       1.0000     -0.66171       14.198    
  344.1100624       1.0000     -0.66098       14.178    
  344.2201247       1.0000     -0.65959       14.139    
  344.4402494       1.0000     -0.65708       14.069    
  344.8804989       1.0000     -0.65287       13.952    
  345.0000000       1.0000     -0.65178       13.922    
  345.0000000       1.0000     -0.65178       13.922    
  345.3521996       1.0000     -0.64920       13.850    
  345.7043991       1.0000     -0.64704       13.791    
  346.0000000       1.0000     -0.64540       13.746    
  346.0000000       1.0000     -0.64540       13.746    
  346.2817596       1.0000     -0.64398       13.707    
  346.5635193       1.0000     -0.64267       13.672    
  347.0000000       1.0000     -0.64089       13.623    
  347.0000000       1.0000     -0.64089       13.623    
  347.2254077       1.0000     -0.64002       13.600    
  347.4508154       1.0000     -0.63920       13.577    
  347.9016309       1.0000     -0.63773       13.537    
  348.0000000       1.0000     -0.63741       13.529    
  348.0000000       1.0000     -0.63741       13.529    
  348.3606523       1.0000     -0.63634       13.500    
  348.7213047       1.0000     -0.63534       13.473    
  349.0000000       1.0000     -0.63460       13.453    
  349.0000000       1.0000     -0.63460       13.453    
  349.2885219       1.0000     -0.63387       13.433    
  349.5770437       1.0000     -0.63316       13.414    
  350.0000000       1.0000     -0.63219       13.388    
  350.0000000       1.0000     -0.63219       13.388    
  350.2308175       1.0000     -0.63167       13.375    
  350.4616350       1.0000     -0.63117       13.361    
  350.9232700       1.0000     -0.63022       13.336    
  351.0000000       1.0000     -0.63006       13.331    
  351.0000000       1.0000     -0.63006       13.331    
  351.3693080       1.0000     -0.62934       13.312    
  351.7386160       1.0000     -0.62866       13.294    
  352.0000000       1.0000     -0.62819       13.281    
  352.0000000       1.0000     -0.62819       13.281    
  352.2954464       1.0000     -0.62767       13.268    
  352.5908928       1.0000     -0.62718       13.255    
  353.0000000       1.0000     -0.62654       13.238    
  353.0000000       1.0000     -0.62654       13.238    
  353.2363571       1.0000     -0.62618       13.228    
  353.4727142       1.0000     -0.62582       13.219    
  353.9454285       1.0000     -0.62518       13.201    
  354.0000000       1.0000     -0.62510       13.200    
  354.0000000       1.0000     -0.62510       13.200    
  354.0046237       1.0000     -0.68403       14.836    
  354.0092474       1.0000     -0.71967       15.898    
  354.0134995       1.0000     -0.72717       16.129    
  354.0183217       1.0000     -0.73536       16.383    
  354.0235101       1.0000     -0.74384       16.650    
  354.0295713       1.0000     -0.75332       16.952    
  354.0367418       1.0000     -0.76399       17.296    
  354.0460348       1.0000     -0.77695       17.720    
  354.0614277       1.0000     -0.79636       18.370    
  354.0775703       1.0000     -0.81480       19.001    
  354.0952626       1.0000     -0.83299       19.638    
  354.1127913       1.0000     -0.84926       20.220    
  354.1321187       1.0000     -0.86537       20.806    
  354.1528605       1.0000     -0.88102       21.387    
  354.1761059       1.0000     -0.89675       21.980    
  354.2020697       1.0000     -0.91234       22.578    
  354.2319999       1.0000     -0.88032       21.361    
  354.2670233       1.0000     -0.86054       20.629    
  354.3090896       1.0000     -0.86023       20.618    
  354.3608223       1.0000     -0.86745       20.883    
  354.4274249       1.0000     -0.87191       21.048    
  354.5171729       1.0000     -0.87393       21.123    
  354.6460644       1.0000     -0.87668       21.225    
  354.8494436       1.0000     -0.88117       21.392    
  355.0000000       1.0000     -0.88436       21.512    
  355.0000000       1.0000     -0.88436       21.512    
  355.0034017       1.0000     -0.88443       21.514    
  355.0068033       1.0000     -0.88450       21.517    
  355.0136067       1.0000     -0.88465       21.522    
  355.0272133       1.0000     -0.88493       21.533    
  355.0544266       1.0000     -0.88550       21.554    
  355.1088533       1.0000     -0.88653       21.593    
  355.2177065       1.0000       0.0000       0.0000    
  355.4354130       1.0000       0.0000       0.0000    
  355.8708261       1.0000       0.0000       0.0000    
  356.0000000       1.0000       0.0000       0.0000    
  356.0000000       1.0000       0.0000       0.0000    
  356.3483304       1.0000       0.0000       0.0000    
  356.6966609       1.0000       0.0000       0.0000    
  357.0000000       1.0000       0.0000       0.0000    
  357.0000000       1.0000       0.0000       0.0000    
  357.2786643       1.0000       0.0000       0.0000    
  357.5573287       1.0000       0.0000       0.0000    
  358.0000000       1.0000       0.0000       0.0000    
  358.0000000       1.0000       0.0000       0.0000    
  358.2229315       1.0000       0.0000       0.0000    
  358.4458630       1.0000       0.0000       0.0000    
  358.4664371       1.0000       0.0000       0.0000    
  358.5075855       1.0000       0.0000       0.0000    
  358.5075855       1.0000       0.0000       0.0000    
  358.6859307       1.0000       0.0000       0.0000    
  358.8642759       1.0000       0.0000       0.0000    
  359.0000000       1.0000       0.0000       0.0000    
  359.0000000       1.0000       0.0000       0.0000    
  359.1426761       1.0000       0.0000       0.0000    
  359.2853523       1.0000       0.0000       0.0000    
  359.5707046       1.0000       0.0000       0.0000    
  360.0000000       1.0000       0.0000       0.0000    
