#      time         order        qbridges     qcdwalls2z   qdaylite     qequip2zon   qhc2zone     qlcwinds2z   qlite        qloss        qocc2zone    qterm2zone
  336.0000000       1.0000       0.0000      -1484.3       0.0000       0.0000       2293.6      -612.49       0.0000       0.0000       0.0000      -201.18    
  336.0277111       1.0000       0.0000      -1485.8       0.0000       0.0000       2295.3      -612.62       0.0000       0.0000       0.0000      -201.25    
  336.0554222       1.0000       0.0000      -1487.4       0.0000       0.0000       2297.0      -612.75       0.0000       0.0000       0.0000      -201.29    
  336.0682198       1.0000       0.0000      -1488.1       0.0000       0.0000       2297.8      -612.82       0.0000       0.0000       0.0000      -201.30    
  336.0682198       1.0000       0.0000      -1488.1       0.0000       0.0000       2297.8      -612.82       0.0000       0.0000       0.0000      -201.30    
  336.0903887       1.0000       0.0000      -1489.3       0.0000       0.0000       2299.2      -612.92       0.0000       0.0000       0.0000      -201.29    
  336.1125575       1.0000       0.0000      -1490.5       0.0000       0.0000       2300.5      -613.02       0.0000       0.0000       0.0000      -201.28    
  336.1568953       1.0000       0.0000      -1492.9       0.0000       0.0000       2303.1      -613.22       0.0000       0.0000       0.0000      -201.25    
  336.2455708       1.0000       0.0000      -1497.7       0.0000       0.0000       2308.3      -613.60       0.0000       0.0000       0.0000      -201.21    
  336.4229219       1.0000       0.0000      -1506.8       0.0000       0.0000       2318.2      -614.26       0.0000       0.0000       0.0000      -201.15    
  336.7776240       1.0000       0.0000      -1524.0       0.0000       0.0000       2336.6      -615.46       0.0000       0.0000       0.0000      -201.10    
  337.0000000       1.0000       0.0000      -1534.2       0.0000       0.0000       2347.7      -616.18       0.0000       0.0000       0.0000      -201.08    
  337.0000000       1.0000       0.0000      -1534.2       0.0000       0.0000       2347.7      -616.18       0.0000       0.0000       0.0000      -201.08    
  337.2837617       1.0000       0.0000      -1546.7       0.0000       0.0000       2361.1      -616.99       0.0000       0.0000       0.0000      -200.92    
  337.5675234       1.0000       0.0000      -1558.7       0.0000       0.0000       2373.8      -617.73       0.0000       0.0000       0.0000      -200.76    
  338.0000000       1.0000       0.0000      -1575.7       0.0000       0.0000       2392.1      -618.77       0.0000       0.0000       0.0000      -200.63    
  338.0000000       1.0000       0.0000      -1575.7       0.0000       0.0000       2392.1      -618.77       0.0000       0.0000       0.0000      -200.63    
  338.2270094       1.0000       0.0000      -1584.4       0.0000       0.0000       2401.3      -619.30       0.0000       0.0000       0.0000      -200.59    
  338.4540187       1.0000       0.0000      -1592.8       0.0000       0.0000       2410.3      -619.83       0.0000       0.0000       0.0000      -200.56    
  338.9080375       1.0000       0.0000      -1608.6       0.0000       0.0000       2427.3      -620.89       0.0000       0.0000       0.0000      -200.57    
  339.0000000       1.0000       0.0000      -1611.7       0.0000       0.0000       2430.7      -621.10       0.0000       0.0000       0.0000      -200.57    
  339.0000000       1.0000       0.0000      -1611.7       0.0000       0.0000       2430.7      -621.10       0.0000       0.0000       0.0000      -200.57    
  339.3632150       1.0000       0.0000      -1623.7       0.0000       0.0000       2443.4      -621.81       0.0000       0.0000       0.0000      -200.39    
  339.7264300       1.0000       0.0000      -1635.1       0.0000       0.0000       2455.6      -622.42       0.0000       0.0000       0.0000      -200.23    
  340.0000000       1.0000       0.0000      -1643.5       0.0000       0.0000       2464.4      -622.86       0.0000       0.0000       0.0000      -200.15    
  340.0000000       1.0000       0.0000      -1643.5       0.0000       0.0000       2464.4      -622.86       0.0000       0.0000       0.0000      -200.15    
  340.2001218       1.0000       0.0000      -1649.5       0.0000       0.0000       2470.5      -622.99       0.0000       0.0000       0.0000      -199.68    
  340.4002436       1.0000       0.0000      -1655.3       0.0000       0.0000       2476.2      -622.91       0.0000       0.0000       0.0000      -199.08    
  340.4264857       1.0000       0.0000      -1656.1       0.0000       0.0000       2476.9      -622.90       0.0000       0.0000       0.0000      -199.00    
  340.4789699       1.0000       0.0000      -1657.6       0.0000       0.0000       2478.4      -622.86       0.0000       0.0000       0.0000      -198.85    
  340.4789699       1.0000       0.0000      -1657.6       0.0000       0.0000       2478.4      -622.86       0.0000       0.0000       0.0000      -198.85    
  340.6390673       1.0000       0.0000      -1662.1       0.0000       0.0000       2482.7      -622.67       0.0000       0.0000       0.0000      -198.45    
  340.7991647       1.0000       0.0000      -1666.6       0.0000       0.0000       2486.9      -622.44       0.0000       0.0000       0.0000      -198.11    
  341.0000000       1.0000       0.0000      -1672.1       0.0000       0.0000       2492.1      -622.10       0.0000       0.0000       0.0000      -197.75    
  341.0000000       1.0000       0.0000      -1672.1       0.0000       0.0000       2492.1      -622.10       0.0000       0.0000       0.0000      -197.75    
  341.0334978       1.0000       0.0000      -1673.0       0.0000       0.0000       2492.9      -622.04       0.0000       0.0000       0.0000      -197.69    
  341.0669955       1.0000       0.0000      -1673.9       0.0000       0.0000       2493.8      -621.99       0.0000       0.0000       0.0000      -197.63    
  341.0986329       1.0000       0.0000      -1674.8       0.0000       0.0000       2494.5      -621.91       0.0000       0.0000       0.0000      -197.44    
  341.1209903       1.0000       0.0000      -1675.4       0.0000       0.0000       2495.1      -621.86       0.0000       0.0000       0.0000      -197.30    
  341.1405617       1.0000       0.0000      -1675.9       0.0000       0.0000       2495.5      -621.80       0.0000       0.0000       0.0000      -197.18    
  341.1612116       1.0000       0.0000      -1676.5       0.0000       0.0000       2496.0      -621.75       0.0000       0.0000       0.0000      -197.06    
  341.1798055       1.0000       0.0000      -1677.0       0.0000       0.0000       2496.4      -621.69       0.0000       0.0000       0.0000      -196.95    
  341.1984890       1.0000       0.0000      -1677.5       0.0000       0.0000       2496.8      -621.63       0.0000       0.0000       0.0000      -196.84    
  341.2164927       1.0000       0.0000      -1677.9       0.0000       0.0000       2497.2      -621.57       0.0000       0.0000       0.0000      -196.74    
  341.2347019       1.0000       0.0000      -1678.4       0.0000       0.0000       2497.6      -621.51       0.0000       0.0000       0.0000      -196.64    
  341.2529417       1.0000       0.0000      -1678.9       0.0000       0.0000       2498.1      -621.44       0.0000       0.0000       0.0000      -196.54    
  341.2719537       1.0000       0.0000      -1679.4       0.0000       0.0000       2498.5      -621.37       0.0000       0.0000       0.0000      -196.43    
  341.2926427       1.0000       0.0000      -1680.0       0.0000       0.0000       2498.9      -621.29       0.0000       0.0000       0.0000      -196.32    
  341.3153501       1.0000       0.0000      -1680.6       0.0000       0.0000       2499.4      -621.20       0.0000       0.0000       0.0000      -196.20    
  341.3408346       1.0000       0.0000      -1681.2       0.0000       0.0000       2499.9      -621.09       0.0000       0.0000       0.0000      -196.07    
  341.3695986       1.0000       0.0000      -1682.0       0.0000       0.0000       2500.6      -620.96       0.0000       0.0000       0.0000      -195.93    
  341.4029150       1.0000       0.0000      -1682.9       0.0000       0.0000       2501.2      -620.81       0.0000       0.0000       0.0000      -195.77    
  341.4420061       1.0000       0.0000      -1683.9       0.0000       0.0000       2502.0      -620.62       0.0000       0.0000       0.0000      -195.59    
  341.4891999       1.0000       0.0000      -1685.1       0.0000       0.0000       2503.0      -620.38       0.0000       0.0000       0.0000      -195.37    
  341.5478014       1.0000       0.0000      -1686.6       0.0000       0.0000       2504.1      -620.07       0.0000       0.0000       0.0000      -195.12    
  341.6239840       1.0000       0.0000      -1688.5       0.0000       0.0000       2505.6      -619.65       0.0000       0.0000       0.0000      -194.81    
  341.7273979       1.0000       0.0000      -1691.2       0.0000       0.0000       2507.6      -619.06       0.0000       0.0000       0.0000      -194.42    
  341.8824781       1.0000       0.0000      -1695.0       0.0000       0.0000       2510.4      -618.14       0.0000       0.0000      1.81651E-06  -193.90    
  342.0000000       1.0000       0.0000      -1697.9       0.0000       0.0000       2512.5      -617.44       0.0000       0.0000      4.41243E-06  -193.54    
  342.0000000       1.0000       0.0000      -1697.9       0.0000       0.0000       2512.5      -617.44       0.0000       0.0000      4.40890E-06  -193.54    
  342.0253099       1.0000       0.0000      -1698.5       0.0000       0.0000       2512.9      -617.29       0.0000       0.0000      6.08273E-06  -193.46    
  342.0506198       1.0000       0.0000      -1699.1       0.0000       0.0000       2513.4      -617.14       0.0000       0.0000      7.75656E-06  -193.39    
  342.1012396       1.0000       0.0000      -1700.3       0.0000       0.0000       2514.2      -616.78       0.0000       0.0000      1.11042E-05  -192.93    
  342.2024792       1.0000       0.0000      -1702.7       0.0000       0.0000       2515.5      -615.93       0.0000       0.0000      1.79088E-05  -191.75    
  342.4049584       1.0000       0.0000      -1707.4       0.0000       0.0000       2517.6      -613.66       0.0000       0.0000      4.04449E-05  -189.75    
  342.8099168       1.0000       0.0000      -1716.4       0.0000       0.0000       2520.4      -608.28       0.0000       0.0000      1.12625E-04  -186.56    
  343.0000000       1.0000       0.0000      -1720.5       0.0000       0.0000       2521.6      -605.63       0.0000       0.0000      1.58716E-04  -186.40    
  343.0000000       1.0000       0.0000      -1720.5       0.0000       0.0000       2521.6      -605.63       0.0000       0.0000      1.58716E-04  -186.40    
  343.0343974       1.0000       0.0000      -4100.7       0.0000       0.0000       7450.3      -707.08       0.0000       0.0000      1.67032E-04  -267.21    
  343.0687947       1.0000       0.0000      -4474.5       0.0000       0.0000       7219.0      -716.45       0.0000       0.0000      1.75363E-04  -325.14    
  343.1011975       1.0000       0.0000      -4028.3       0.0000       0.0000       5590.4      -689.91       0.0000       0.0000      1.83255E-04  -342.10    
  343.1334790       1.0000       0.0000      -3553.5       0.0000       0.0000       4401.2      -664.06       0.0000       0.0000      1.91082E-04  -337.15    
  343.1755055       1.0000       0.0000      -3320.6       0.0000       0.0000       4043.0      -650.10       0.0000       0.0000      2.01273E-04  -326.51    
  343.2407045       1.0000       0.0000      -3330.1       0.0000       0.0000       4238.0      -647.00       0.0000       0.0000      2.15287E-04  -322.45    
  343.3212849       1.0000       0.0000      -3339.8       0.0000       0.0000       4323.7      -644.35       0.0000       0.0000      2.31274E-04  -323.60    
  343.4507502       1.0000       0.0000      -3280.9       0.0000       0.0000       4255.2      -638.89       0.0000       0.0000      2.54721E-04  -324.76    
  343.6548670       1.0000       0.0000      -3189.1       0.0000       0.0000       4152.1      -632.88       0.0000       0.0000      2.83797E-04  -325.39    
  344.0000000       1.0000       0.0000      -3065.9       0.0000       0.0000       4021.3      -626.03       0.0000       0.0000      3.13018E-04  -325.97    
  344.0000000       1.0000       0.0000      -3065.9       0.0000       0.0000       4021.3      -626.03       0.0000       0.0000      3.13018E-04  -325.97    
  344.0275179       1.0000       0.0000      -3056.4       0.0000       0.0000       4011.2      -625.50       0.0000       0.0000      3.13625E-04  -326.02    
  344.0550358       1.0000       0.0000      -3047.0       0.0000       0.0000       4001.3      -624.99       0.0000       0.0000      3.14231E-04  -326.06    
  344.1100716       1.0000       0.0000      -3028.9       0.0000       0.0000       3982.1      -624.03       0.0000       0.0000      3.15444E-04  -326.14    
  344.2201431       1.0000       0.0000      -2994.8       0.0000       0.0000       3946.1      -622.26       0.0000       0.0000      3.17426E-04  -326.28    
  344.4402862       1.0000       0.0000      -2934.7       0.0000       0.0000       3882.4      -619.05       0.0000       0.0000      3.17426E-04  -326.43    
  344.8805725       1.0000       0.0000      -2837.4       0.0000       0.0000       3778.3      -613.03       0.0000       0.0000      3.17425E-04  -326.40    
  345.0000000       1.0000       0.0000      -2812.6       0.0000       0.0000       3751.8      -611.41       0.0000       0.0000      3.17425E-04  -326.37    
  345.0000000       1.0000       0.0000      -2812.6       0.0000       0.0000       3751.8      -611.41       0.0000       0.0000      3.17425E-04  -326.37    
  345.3522290       1.0000       0.0000      -2750.2       0.0000       0.0000       3684.4      -606.95       0.0000       0.0000      3.17425E-04  -326.21    
  345.7044580       1.0000       0.0000      -2696.3       0.0000       0.0000       3625.6      -602.66       0.0000       0.0000      3.17424E-04  -325.96    
  346.0000000       1.0000       0.0000      -2655.8       0.0000       0.0000       3581.2      -599.11       0.0000       0.0000      3.17424E-04  -325.70    
  346.0000000       1.0000       0.0000      -2655.8       0.0000       0.0000       3581.2      -599.11       0.0000       0.0000      3.17424E-04  -325.70    
  346.2817832       1.0000       0.0000      -2618.9       0.0000       0.0000       3541.0      -596.16       0.0000       0.0000      3.17424E-04  -325.51    
  346.5635664       1.0000       0.0000      -2585.8       0.0000       0.0000       3505.1      -593.58       0.0000       0.0000      3.17424E-04  -325.33    
  347.0000000       1.0000       0.0000      -2541.7       0.0000       0.0000       3456.8      -589.93       0.0000       0.0000      3.17424E-04  -325.01    
  347.0000000       1.0000       0.0000      -2541.7       0.0000       0.0000       3456.8      -589.93       0.0000       0.0000      3.17424E-04  -325.01    
  347.2254266       1.0000       0.0000      -2520.5       0.0000       0.0000       3433.8      -588.22       0.0000       0.0000      3.17424E-04  -324.86    
  347.4508531       1.0000       0.0000      -2500.8       0.0000       0.0000       3412.3      -586.64       0.0000       0.0000      3.17424E-04  -324.72    
  347.9017062       1.0000       0.0000      -2466.0       0.0000       0.0000       3374.2      -583.69       0.0000       0.0000      3.17424E-04  -324.41    
  348.0000000       1.0000       0.0000      -2458.6       0.0000       0.0000       3366.1      -583.06       0.0000       0.0000      3.17424E-04  -324.34    
  348.0000000       1.0000       0.0000      -2458.6       0.0000       0.0000       3366.1      -583.06       0.0000       0.0000      3.17424E-04  -324.34    
  348.3606825       1.0000       0.0000      -2433.9       0.0000       0.0000       3339.3      -581.17       0.0000       0.0000      3.17424E-04  -324.16    
  348.7213650       1.0000       0.0000      -2411.1       0.0000       0.0000       3314.7      -579.57       0.0000       0.0000      3.17424E-04  -324.00    
  349.0000000       1.0000       0.0000      -2394.5       0.0000       0.0000       3296.8      -578.42       0.0000       0.0000      3.17424E-04  -323.88    
  349.0000000       1.0000       0.0000      -2394.5       0.0000       0.0000       3296.8      -578.42       0.0000       0.0000      3.17424E-04  -323.88    
  349.2885460       1.0000       0.0000      -2378.3       0.0000       0.0000       3279.9      -577.74       0.0000       0.0000      3.17424E-04  -323.85    
  349.5770920       1.0000       0.0000      -2362.9       0.0000       0.0000       3264.2      -577.45       0.0000       0.0000      3.17424E-04  -323.86    
  350.0000000       1.0000       0.0000      -2341.9       0.0000       0.0000       3243.2      -577.37       0.0000       0.0000      3.17424E-04  -323.86    
  350.0000000       1.0000       0.0000      -2341.9       0.0000       0.0000       3243.2      -577.37       0.0000       0.0000      3.17424E-04  -323.86    
  350.2308368       1.0000       0.0000      -2330.9       0.0000       0.0000       3232.6      -577.74       0.0000       0.0000      3.17424E-04  -323.96    
  350.4616736       1.0000       0.0000      -2320.3       0.0000       0.0000       3222.9      -578.50       0.0000       0.0000      3.17424E-04  -324.10    
  350.9233472       1.0000       0.0000      -2300.5       0.0000       0.0000       3205.5      -580.60       0.0000       0.0000      3.17424E-04  -324.37    
  351.0000000       1.0000       0.0000      -2297.3       0.0000       0.0000       3202.7      -580.97       0.0000       0.0000      3.17424E-04  -324.42    
  351.0000000       1.0000       0.0000      -2297.3       0.0000       0.0000       3202.7      -580.97       0.0000       0.0000      3.17424E-04  -324.42    
  351.3693389       1.0000       0.0000      -2282.5       0.0000       0.0000       3190.3      -583.12       0.0000       0.0000      3.17424E-04  -324.70    
  351.7386777       1.0000       0.0000      -2268.4       0.0000       0.0000       3178.9      -585.50       0.0000       0.0000      3.17424E-04  -324.99    
  352.0000000       1.0000       0.0000      -2258.8       0.0000       0.0000       3171.3      -587.25       0.0000       0.0000      3.17424E-04  -325.20    
  352.0000000       1.0000       0.0000      -2258.8       0.0000       0.0000       3171.3      -587.25       0.0000       0.0000      3.17424E-04  -325.20    
  352.2954711       1.0000       0.0000      -2248.4       0.0000       0.0000       3163.4      -589.46       0.0000       0.0000      3.17424E-04  -325.47    
  352.5909422       1.0000       0.0000      -2238.5       0.0000       0.0000       3156.1      -591.83       0.0000       0.0000      3.17424E-04  -325.76    
  353.0000000       1.0000       0.0000      -2225.5       0.0000       0.0000       3146.9      -595.24       0.0000       0.0000      3.13015E-04  -326.17    
  353.0000000       1.0000       0.0000      -2225.5       0.0000       0.0000       3146.9      -595.24       0.0000       0.0000      3.13015E-04  -326.17    
  353.2363769       1.0000       0.0000      -2218.2       0.0000       0.0000       3142.3      -597.54       0.0000       0.0000      2.95780E-04  -326.48    
  353.4727537       1.0000       0.0000      -2211.3       0.0000       0.0000       3138.3      -600.16       0.0000       0.0000      2.66519E-04  -326.83    
  353.9455075       1.0000       0.0000      -2198.3       0.0000       0.0000       3131.7      -605.88       0.0000       0.0000      1.71925E-04  -327.53    
  354.0000000       1.0000       0.0000      -2196.9       0.0000       0.0000       3131.0      -606.56       0.0000       0.0000      1.58712E-04  -327.61    
  354.0000000       1.0000       0.0000      -2196.9       0.0000       0.0000       3131.0      -606.56       0.0000       0.0000      1.58712E-04  -327.61    
  354.0046236       1.0000       0.0000      -1604.0       0.0000       0.0000       1552.3      -579.73       0.0000       0.0000      1.57591E-04  -323.25    
  354.0092473       1.0000       0.0000      -1015.4       0.0000       0.0000       73.133      -553.30       0.0000       0.0000      1.56470E-04  -314.97    
  354.0134993       1.0000       0.0000      -930.21       0.0000       0.0000       0.0000      -549.91       0.0000       0.0000      1.55438E-04  -307.45    
  354.0183215       1.0000       0.0000      -866.68       0.0000       0.0000       0.0000      -547.58       0.0000       0.0000      1.54269E-04  -299.28    
  354.0235096       1.0000       0.0000      -802.41       0.0000       0.0000       0.0000      -545.29       0.0000       0.0000      1.53011E-04  -290.88    
  354.0295705       1.0000       0.0000      -731.27       0.0000       0.0000       0.0000      -542.86       0.0000       0.0000      1.51542E-04  -281.56    
  354.0367403       1.0000       0.0000      -653.23       0.0000       0.0000       0.0000      -540.30       0.0000       0.0000      1.49803E-04  -271.17    
  354.0460314       1.0000       0.0000      -562.15       0.0000       0.0000       0.0000      -537.45       0.0000       0.0000      1.47550E-04  -258.70    
  354.0614145       1.0000       0.0000      -433.62       0.0000       0.0000       0.0000      -533.77       0.0000       0.0000      1.43820E-04  -240.33    
  354.0775514       1.0000       0.0000      -319.64       0.0000       0.0000       0.0000      -530.83       0.0000       0.0000      1.39907E-04  -223.21    
  354.0952474       1.0000       0.0000      -208.87       0.0000       0.0000       0.0000      -528.44       0.0000       0.0000      1.35617E-04  -206.69    
  354.1127748       1.0000       0.0000      -125.38       0.0000       0.0000       0.0000      -526.80       0.0000       0.0000      1.31367E-04  -192.07    
  354.1321040       1.0000       0.0000      -45.584       0.0000       0.0000       0.0000      -525.58       0.0000       0.0000      1.26680E-04  -177.76    
  354.1528446       1.0000       0.0000      -252.62       0.0000       0.0000       657.08      -537.33       0.0000       0.0000      1.21651E-04  -171.54    
  354.1760775       1.0000       0.0000      -625.03       0.0000       0.0000       1585.7      -556.58       0.0000       0.0000      1.16017E-04  -176.79    
  354.2020327       1.0000       0.0000      -822.58       0.0000       0.0000       1959.7      -567.85       0.0000       0.0000      1.09813E-04  -186.65    
  354.2319561       1.0000       0.0000      -822.51       0.0000       0.0000       1829.9      -569.99       0.0000       0.0000      1.03877E-04  -193.89    
  354.2669690       1.0000       0.0000      -731.64       0.0000       0.0000       1538.9      -567.78       0.0000       0.0000      9.69305E-05  -195.45    
  354.3090002       1.0000       0.0000      -674.27       0.0000       0.0000       1390.7      -566.96       0.0000       0.0000      8.85920E-05  -193.66    
  354.3607550       1.0000       0.0000      -683.02       0.0000       0.0000       1414.4      -569.06       0.0000       0.0000      7.83244E-05  -192.18    
  354.4273817       1.0000       0.0000      -716.73       0.0000       0.0000       1478.1      -572.18       0.0000       0.0000      6.63135E-05  -192.06    
  354.5171632       1.0000       0.0000      -747.37       0.0000       0.0000       1516.9      -574.92       0.0000       0.0000      5.24599E-05  -192.36    
  354.6460732       1.0000       0.0000      -784.18       0.0000       0.0000       1554.7      -577.51       0.0000       0.0000      3.45999E-05  -192.56    
  354.8495059       1.0000       0.0000      -844.58       0.0000       0.0000       1617.7      -580.41       0.0000       0.0000      1.43608E-05  -192.77    
  355.0000000       1.0000       0.0000      -887.69       0.0000       0.0000       1662.8      -582.17       0.0000       0.0000      4.40866E-06  -192.94    
  355.0000000       1.0000       0.0000      -887.68       0.0000       0.0000       1662.8      -582.17       0.0000       0.0000      4.40866E-06  -192.94    
  355.0034017       1.0000       0.0000      -888.60       0.0000       0.0000       1663.8      -582.21       0.0000       0.0000      4.33368E-06  -192.94    
  355.0068033       1.0000       0.0000      -889.52       0.0000       0.0000       1664.9      -582.25       0.0000       0.0000      4.25869E-06  -192.95    
  355.0136066       1.0000       0.0000      -891.36       0.0000       0.0000       1666.9      -582.32       0.0000       0.0000      4.10872E-06  -192.96    
  355.0272133       1.0000       0.0000      -894.97       0.0000       0.0000       1670.7      -582.48       0.0000       0.0000      3.80879E-06  -192.97    
  355.0544265       1.0000       0.0000      -901.97       0.0000       0.0000       1678.0      -582.76       0.0000       0.0000      3.20892E-06  -193.01    
  355.1088531       1.0000       0.0000      -915.58       0.0000       0.0000       1692.0      -583.29       0.0000       0.0000      2.00918E-06  -193.06    
  355.2177062       1.0000       0.0000      -941.62       0.0000       0.0000       1719.0      -584.21       0.0000       0.0000       0.0000      -193.16    
  355.4354123       1.0000       0.0000      -989.83       0.0000       0.0000       1769.1      -585.84       0.0000       0.0000       0.0000      -193.37    
  355.8708247       1.0000       0.0000      -1072.2       0.0000       0.0000       1854.8      -588.78       0.0000       0.0000       0.0000      -193.76    
  356.0000000       1.0000       0.0000      -1095.8       0.0000       0.0000       1879.4      -589.64       0.0000       0.0000       0.0000      -193.88    
  356.0000000       1.0000       0.0000      -1095.8       0.0000       0.0000       1879.4      -589.64       0.0000       0.0000       0.0000      -193.88    
  356.3483299       1.0000       0.0000      -1151.9       0.0000       0.0000       1938.1      -591.95       0.0000       0.0000       0.0000      -194.20    
  356.6966597       1.0000       0.0000      -1201.8       0.0000       0.0000       1990.7      -594.27       0.0000       0.0000       0.0000      -194.51    
  357.0000000       1.0000       0.0000      -1241.2       0.0000       0.0000       2032.3      -596.31       0.0000       0.0000       0.0000      -194.79    
  357.0000000       1.0000       0.0000      -1241.2       0.0000       0.0000       2032.3      -596.31       0.0000       0.0000       0.0000      -194.79    
  357.2786639       1.0000       0.0000      -1274.1       0.0000       0.0000       2067.2      -598.04       0.0000       0.0000       0.0000      -195.00    
  357.5573278       1.0000       0.0000      -1304.0       0.0000       0.0000       2098.8      -599.62       0.0000       0.0000       0.0000      -195.20    
  358.0000000       1.0000       0.0000      -1345.2       0.0000       0.0000       2142.8      -602.03       0.0000       0.0000       0.0000      -195.51    
  358.0000000       1.0000       0.0000      -1345.2       0.0000       0.0000       2142.8      -602.03       0.0000       0.0000       0.0000      -195.51    
  358.2229311       1.0000       0.0000      -1364.7       0.0000       0.0000       2163.6      -603.22       0.0000       0.0000       0.0000      -195.66    
  358.4458622       1.0000       0.0000      -1383.1       0.0000       0.0000       2183.3      -604.43       0.0000       0.0000       0.0000      -196.59    
  358.4664365       1.0000       0.0000      -1384.7       0.0000       0.0000       2185.1      -604.54       0.0000       0.0000       0.0000      -196.72    
  358.5075852       1.0000       0.0000      -1388.1       0.0000       0.0000       2188.7      -604.76       0.0000       0.0000       0.0000      -196.98    
  358.5075852       1.0000       0.0000      -1388.1       0.0000       0.0000       2188.7      -604.76       0.0000       0.0000       0.0000      -196.98    
  358.6859301       1.0000       0.0000      -1401.8       0.0000       0.0000       2203.6      -605.73       0.0000       0.0000       0.0000      -197.91    
  358.8642750       1.0000       0.0000      -1414.9       0.0000       0.0000       2217.8      -606.72       0.0000       0.0000       0.0000      -198.71    
  359.0000000       1.0000       0.0000      -1424.5       0.0000       0.0000       2228.2      -607.47       0.0000       0.0000       0.0000      -199.25    
  359.0000000       1.0000       0.0000      -1424.5       0.0000       0.0000       2228.2      -607.47       0.0000       0.0000       0.0000      -199.25    
  359.1426759       1.0000       0.0000      -1434.3       0.0000       0.0000       2238.8      -608.24       0.0000       0.0000       0.0000      -199.69    
  359.2853518       1.0000       0.0000      -1443.7       0.0000       0.0000       2249.1      -608.98       0.0000       0.0000       0.0000      -200.02    
  359.5707036       1.0000       0.0000      -1461.2       0.0000       0.0000       2268.2      -610.40       0.0000       0.0000       0.0000      -200.57    
  360.0000000       1.0000       0.0000      -1485.4       0.0000       0.0000       2294.7      -612.47       0.0000       0.0000       0.0000      -201.18    
