#      time         order        q_cool       q_equip      q_heat       q_light      q_loss       q_occ        qintw        ql_a         qventil      qwcb         qwind     
  336.0000000       1.0000       0.0000       0.0000       1551.7       0.0000       0.0000       0.0000       233.08      -64.509      -132.35      -1587.9       0.0000    
  336.0277111       1.0000       0.0000       0.0000       1553.4       0.0000       0.0000       0.0000       231.83      -64.526      -132.35      -1588.3       0.0000    
  336.0554222       1.0000       0.0000       0.0000       1555.0       0.0000       0.0000       0.0000       230.58      -64.543      -132.35      -1588.7       0.0000    
  336.0682198       1.0000       0.0000       0.0000       1555.8       0.0000       0.0000       0.0000       230.01      -64.550      -132.35      -1588.9       0.0000    
  336.0682198       1.0000       0.0000       0.0000       1555.8       0.0000       0.0000       0.0000       230.01      -64.550      -132.35      -1588.9       0.0000    
  336.0903887       1.0000       0.0000       0.0000       1557.1       0.0000       0.0000       0.0000       229.02      -64.559      -132.35      -1589.2       0.0000    
  336.1125575       1.0000       0.0000       0.0000       1558.4       0.0000       0.0000       0.0000       228.04      -64.567      -132.35      -1589.5       0.0000    
  336.1568953       1.0000       0.0000       0.0000       1561.0       0.0000       0.0000       0.0000       226.12      -64.584      -132.35      -1590.2       0.0000    
  336.2455708       1.0000       0.0000       0.0000       1566.1       0.0000       0.0000       0.0000       222.32      -64.618      -132.35      -1591.4       0.0000    
  336.4229219       1.0000       0.0000       0.0000       1575.8       0.0000       0.0000       0.0000       215.22      -64.685      -132.36      -1594.0       0.0000    
  336.7776240       1.0000       0.0000       0.0000       1594.1       0.0000       0.0000       0.0000       202.36      -64.822      -132.36      -1599.2       0.0000    
  337.0000000       1.0000       0.0000       0.0000       1605.0       0.0000       0.0000       0.0000       194.81      -64.908      -132.36      -1602.5       0.0000    
  337.0000000       1.0000       0.0000       0.0000       1605.0       0.0000       0.0000       0.0000       194.81      -64.908      -132.36      -1602.5       0.0000    
  337.2837617       1.0000       0.0000       0.0000       1618.3       0.0000       0.0000       0.0000       185.91      -64.994      -132.36      -1606.8       0.0000    
  337.5675234       1.0000       0.0000       0.0000       1630.9       0.0000       0.0000       0.0000       177.66      -65.075      -132.36      -1611.1       0.0000    
  338.0000000       1.0000       0.0000       0.0000       1648.8       0.0000       0.0000       0.0000       166.39      -65.198      -132.36      -1617.6       0.0000    
  338.0000000       1.0000       0.0000       0.0000       1648.8       0.0000       0.0000       0.0000       166.39      -65.198      -132.36      -1617.6       0.0000    
  338.2270094       1.0000       0.0000       0.0000       1657.9       0.0000       0.0000       0.0000       160.81      -65.264      -132.36      -1621.1       0.0000    
  338.4540187       1.0000       0.0000       0.0000       1666.7       0.0000       0.0000       0.0000       155.53      -65.329      -132.36      -1624.5       0.0000    
  338.9080375       1.0000       0.0000       0.0000       1683.2       0.0000       0.0000       0.0000       146.02      -65.461      -132.36      -1631.4       0.0000    
  339.0000000       1.0000       0.0000       0.0000       1686.5       0.0000       0.0000       0.0000       144.13      -65.488      -132.36      -1632.8       0.0000    
  339.0000000       1.0000       0.0000       0.0000       1686.5       0.0000       0.0000       0.0000       144.13      -65.488      -132.36      -1632.8       0.0000    
  339.3632150       1.0000       0.0000       0.0000       1698.9       0.0000       0.0000       0.0000       137.28      -65.562      -132.36      -1638.2       0.0000    
  339.7264300       1.0000       0.0000       0.0000       1710.7       0.0000       0.0000       0.0000       130.94      -65.630      -132.36      -1643.7       0.0000    
  340.0000000       1.0000       0.0000       0.0000       1719.3       0.0000       0.0000       0.0000       126.44      -65.682      -132.36      -1647.7       0.0000    
  340.0000000       1.0000       0.0000       0.0000       1719.3       0.0000       0.0000       0.0000       126.44      -65.682      -132.36      -1647.7       0.0000    
  340.2001218       1.0000       0.0000       0.0000       1725.4       0.0000       0.0000       0.0000       123.29      -65.663      -132.36      -1650.7       0.0000    
  340.4002436       1.0000       0.0000       0.0000       1731.3       0.0000       0.0000       0.0000       120.29      -65.616      -132.36      -1653.6       0.0000    
  340.4264857       1.0000       0.0000       0.0000       1732.1       0.0000       0.0000       0.0000       119.90      -65.610      -132.36      -1654.0       0.0000    
  340.4789699       1.0000       0.0000       0.0000       1733.6       0.0000       0.0000       0.0000       119.12      -65.598      -132.36      -1654.7       0.0000    
  340.4789699       1.0000       0.0000       0.0000       1733.6       0.0000       0.0000       0.0000       119.12      -65.598      -132.36      -1654.7       0.0000    
  340.6390673       1.0000       0.0000       0.0000       1738.2       0.0000       0.0000       0.0000       116.82      -65.562      -132.36      -1657.1       0.0000    
  340.7991647       1.0000       0.0000       0.0000       1742.7       0.0000       0.0000       0.0000       114.60      -65.526      -132.36      -1659.4       0.0000    
  341.0000000       1.0000       0.0000       0.0000       1748.2       0.0000       0.0000       0.0000       111.90      -65.482      -132.36      -1662.2       0.0000    
  341.0000000       1.0000       0.0000       0.0000       1748.2       0.0000       0.0000       0.0000       111.90      -65.482      -132.36      -1662.2       0.0000    
  341.0334978       1.0000       0.0000       0.0000       1749.1       0.0000       0.0000       0.0000       111.46      -65.475      -132.36      -1662.7       0.0000    
  341.0669955       1.0000       0.0000       0.0000       1750.0       0.0000       0.0000       0.0000       111.01      -65.468      -132.36      -1663.2       0.0000    
  341.0986329       1.0000       0.0000       0.0000       1750.8       0.0000       0.0000       0.0000       110.60      -65.444      -132.36      -1663.6       0.0000    
  341.1209903       1.0000       0.0000       0.0000       1751.4       0.0000       0.0000       0.0000       110.31      -65.427      -132.36      -1663.9       0.0000    
  341.1405617       1.0000       0.0000       0.0000       1751.9       0.0000       0.0000       0.0000       110.06      -65.413      -132.37      -1664.2       0.0000    
  341.1612116       1.0000       0.0000       0.0000       1752.5       0.0000       0.0000       0.0000       109.80      -65.397      -132.37      -1664.5       0.0000    
  341.1798055       1.0000       0.0000       0.0000       1752.9       0.0000       0.0000       0.0000       109.56      -65.383      -132.37      -1664.8       0.0000    
  341.1984890       1.0000       0.0000       0.0000       1753.4       0.0000       0.0000       0.0000       109.32      -65.369      -132.37      -1665.0       0.0000    
  341.2164927       1.0000       0.0000       0.0000       1753.9       0.0000       0.0000       0.0000       109.10      -65.355      -132.37      -1665.3       0.0000    
  341.2347019       1.0000       0.0000       0.0000       1754.4       0.0000       0.0000       0.0000       108.87      -65.341      -132.37      -1665.5       0.0000    
  341.2529417       1.0000       0.0000       0.0000       1754.8       0.0000       0.0000       0.0000       108.64      -65.328      -132.37      -1665.8       0.0000    
  341.2719537       1.0000       0.0000       0.0000       1755.3       0.0000       0.0000       0.0000       108.40      -65.313      -132.37      -1666.0       0.0000    
  341.2926427       1.0000       0.0000       0.0000       1755.9       0.0000       0.0000       0.0000       108.14      -65.298      -132.37      -1666.3       0.0000    
  341.3153501       1.0000       0.0000       0.0000       1756.4       0.0000       0.0000       0.0000       107.86      -65.281      -132.37      -1666.6       0.0000    
  341.3408346       1.0000       0.0000       0.0000       1757.1       0.0000       0.0000       0.0000       107.54      -65.262      -132.37      -1667.0       0.0000    
  341.3695986       1.0000       0.0000       0.0000       1757.8       0.0000       0.0000       0.0000       107.18      -65.241      -132.37      -1667.4       0.0000    
  341.4029150       1.0000       0.0000       0.0000       1758.7       0.0000       0.0000       0.0000       106.78      -65.216      -132.37      -1667.9       0.0000    
  341.4420061       1.0000       0.0000       0.0000       1759.6       0.0000       0.0000       0.0000       106.30      -65.187      -132.37      -1668.4       0.0000    
  341.4891999       1.0000       0.0000       0.0000       1760.8       0.0000       0.0000       0.0000       105.73      -65.152      -132.37      -1669.0       0.0000    
  341.5478014       1.0000       0.0000       0.0000       1762.3       0.0000       0.0000       0.0000       105.02      -65.109      -132.37      -1669.8       0.0000    
  341.6239840       1.0000       0.0000       0.0000       1764.2       0.0000       0.0000       0.0000       104.12      -65.053      -132.37      -1670.9       0.0000    
  341.7273979       1.0000       0.0000       0.0000       1766.7       0.0000       0.0000       0.0000       102.91      -64.978      -132.37      -1672.3       0.0000    
  341.8824781       1.0000       0.0000       0.0000       1770.4       0.0000       0.0000      1.18774E-06   101.15      -64.866      -132.37      -1674.3       0.0000    
  342.0000000       1.0000       0.0000       0.0000       1773.2       0.0000       0.0000      2.88692E-06   99.830      -64.782      -132.37      -1675.9       0.0000    
  342.0000000       1.0000       0.0000       0.0000       1773.2       0.0000       0.0000      2.88375E-06   99.830      -64.782      -132.37      -1675.9       0.0000    
  342.0253099       1.0000       0.0000       0.0000       1773.8       0.0000       0.0000      3.97859E-06   99.547      -64.763      -132.37      -1676.2       0.0000    
  342.0506198       1.0000       0.0000       0.0000       1774.4       0.0000       0.0000      5.07346E-06   99.266      -64.745      -132.37      -1676.5       0.0000    
  342.1012396       1.0000       0.0000       0.0000       1775.5       0.0000       0.0000      7.26326E-06   98.716      -64.673      -132.37      -1677.2       0.0000    
  342.2024792       1.0000       0.0000       0.0000       1777.7       0.0000       0.0000      1.17147E-05   97.653      -64.490      -132.37      -1678.5       0.0000    
  342.4049584       1.0000       0.0000       0.0000       1781.9       0.0000       0.0000      2.64599E-05   95.588      -64.131      -132.37      -1681.0       0.0000    
  342.8099168       1.0000       0.0000       0.0000       1789.9       0.0000       0.0000      7.37079E-05   91.575      -63.422      -132.37      -1685.7       0.0000    
  343.0000000       1.0000       0.0000       0.0000       1793.5       0.0000       0.0000      1.03890E-04   89.730      -63.106      -132.37      -1687.8       0.0000    
  343.0000000       1.0000       0.0000       0.0000       1793.5       0.0000       0.0000      1.03890E-04   89.729      -63.106      -132.37      -1687.8       0.0000    
  343.0343974       1.0000       0.0000       0.0000       6687.2       0.0000       0.0000      1.09333E-04  -1655.0      -65.400      -210.98      -2377.6       0.0000    
  343.0687947       1.0000       0.0000       0.0000       6417.0       0.0000       0.0000      1.14790E-04  -1914.0      -67.020      -267.03      -2473.2       0.0000    
  343.1011975       1.0000       0.0000       0.0000       4778.0       0.0000       0.0000      1.19962E-04  -1579.5      -67.439      -282.98      -2335.8       0.0000    
  343.1334790       1.0000       0.0000       0.0000       3603.8       0.0000       0.0000      1.25090E-04  -1230.4      -67.225      -277.68      -2199.4       0.0000    
  343.1755055       1.0000       0.0000       0.0000       3272.6       0.0000       0.0000      1.31765E-04  -1062.5      -66.833      -267.04      -2139.7       0.0000    
  343.2407045       1.0000       0.0000       0.0000       3484.7       0.0000       0.0000      1.40946E-04  -1070.3      -66.594      -262.88      -2151.3       0.0000    
  343.3212849       1.0000       0.0000       0.0000       3576.2       0.0000       0.0000      1.51420E-04  -1074.5      -66.475      -263.67      -2161.3       0.0000    
  343.4507502       1.0000       0.0000       0.0000       3515.7       0.0000       0.0000      1.66784E-04  -1025.4      -66.262      -264.27      -2155.0       0.0000    
  343.6548670       1.0000       0.0000       0.0000       3422.9       0.0000       0.0000      1.85840E-04  -948.08      -65.895      -264.27      -2144.7       0.0000    
  344.0000000       1.0000       0.0000       0.0000       3302.7       0.0000       0.0000      2.05000E-04  -839.63      -65.266      -264.23      -2133.7       0.0000    
  344.0000000       1.0000       0.0000       0.0000       3302.7       0.0000       0.0000      2.05000E-04  -839.62      -65.266      -264.23      -2133.7       0.0000    
  344.0275179       1.0000       0.0000       0.0000       3293.3       0.0000       0.0000      2.05399E-04  -831.17      -65.216      -264.22      -2132.8       0.0000    
  344.0550358       1.0000       0.0000       0.0000       3284.2       0.0000       0.0000      2.05798E-04  -822.84      -65.166      -264.22      -2132.0       0.0000    
  344.1100716       1.0000       0.0000       0.0000       3266.4       0.0000       0.0000      2.06596E-04  -806.64      -65.073      -264.22      -2130.5       0.0000    
  344.2201431       1.0000       0.0000       0.0000       3232.6       0.0000       0.0000      2.07900E-04  -775.73      -64.894      -264.21      -2127.9       0.0000    
  344.4402862       1.0000       0.0000       0.0000       3172.5       0.0000       0.0000      2.07910E-04  -720.36      -64.532      -264.20      -2123.4       0.0000    
  344.8805725       1.0000       0.0000       0.0000       3073.1       0.0000       0.0000      2.07924E-04  -628.85      -63.804      -264.18      -2116.3       0.0000    
  345.0000000       1.0000       0.0000       0.0000       3047.8       0.0000       0.0000      2.07928E-04  -605.49      -63.607      -264.18      -2114.5       0.0000    
  345.0000000       1.0000       0.0000       0.0000       3047.8       0.0000       0.0000      2.07928E-04  -605.49      -63.607      -264.18      -2114.5       0.0000    
  345.3522290       1.0000       0.0000       0.0000       2980.3       0.0000       0.0000      2.07935E-04  -543.91      -63.078      -264.17      -2109.1       0.0000    
  345.7044580       1.0000       0.0000       0.0000       2919.1       0.0000       0.0000      2.07940E-04  -488.91      -62.561      -264.16      -2103.5       0.0000    
  346.0000000       1.0000       0.0000       0.0000       2873.8       0.0000       0.0000      2.07943E-04  -448.73      -62.126      -264.15      -2098.8       0.0000    
  346.0000000       1.0000       0.0000       0.0000       2873.8       0.0000       0.0000      2.07943E-04  -448.73      -62.126      -264.15      -2098.8       0.0000    
  346.2817832       1.0000       0.0000       0.0000       2835.4       0.0000       0.0000      2.07946E-04  -415.06      -61.816      -264.15      -2094.4       0.0000    
  346.5635664       1.0000       0.0000       0.0000       2800.8       0.0000       0.0000      2.07948E-04  -385.31      -61.540      -264.14      -2089.8       0.0000    
  347.0000000       1.0000       0.0000       0.0000       2754.5       0.0000       0.0000      2.07950E-04  -346.69      -61.111      -264.14      -2082.6       0.0000    
  347.0000000       1.0000       0.0000       0.0000       2754.5       0.0000       0.0000      2.07950E-04  -346.69      -61.111      -264.14      -2082.6       0.0000    
  347.2254266       1.0000       0.0000       0.0000       2732.4       0.0000       0.0000      2.07951E-04  -328.55      -60.920      -264.13      -2078.8       0.0000    
  347.4508531       1.0000       0.0000       0.0000       2711.7       0.0000       0.0000      2.07952E-04  -311.97      -60.743      -264.13      -2074.9       0.0000    
  347.9017062       1.0000       0.0000       0.0000       2675.3       0.0000       0.0000      2.07953E-04  -283.81      -60.388      -264.13      -2066.9       0.0000    
  348.0000000       1.0000       0.0000       0.0000       2667.5       0.0000       0.0000      2.07953E-04  -277.90      -60.310      -264.13      -2065.2       0.0000    
  348.0000000       1.0000       0.0000       0.0000       2667.5       0.0000       0.0000      2.07953E-04  -277.90      -60.310      -264.13      -2065.2       0.0000    
  348.3606825       1.0000       0.0000       0.0000       2641.7       0.0000       0.0000      2.07953E-04  -258.82      -60.112      -264.12      -2058.6       0.0000    
  348.7213650       1.0000       0.0000       0.0000       2618.0       0.0000       0.0000      2.07954E-04  -241.92      -59.935      -264.12      -2052.0       0.0000    
  349.0000000       1.0000       0.0000       0.0000       2600.7       0.0000       0.0000      2.07954E-04  -230.01      -59.798      -264.12      -2046.8       0.0000    
  349.0000000       1.0000       0.0000       0.0000       2600.7       0.0000       0.0000      2.07954E-04  -230.01      -59.798      -264.12      -2046.8       0.0000    
  349.2885460       1.0000       0.0000       0.0000       2584.1       0.0000       0.0000      2.07954E-04  -218.78      -59.764      -264.12      -2041.4       0.0000    
  349.5770920       1.0000       0.0000       0.0000       2568.4       0.0000       0.0000      2.07954E-04  -208.50      -59.764      -264.12      -2036.0       0.0000    
  350.0000000       1.0000       0.0000       0.0000       2547.1       0.0000       0.0000      2.07954E-04  -195.10      -59.764      -264.11      -2028.1       0.0000    
  350.0000000       1.0000       0.0000       0.0000       2547.1       0.0000       0.0000      2.07954E-04  -195.10      -59.764      -264.11      -2028.1       0.0000    
  350.2308368       1.0000       0.0000       0.0000       2536.1       0.0000       0.0000      2.07954E-04  -188.27      -59.861      -264.11      -2023.8       0.0000    
  350.4616736       1.0000       0.0000       0.0000       2525.5       0.0000       0.0000      2.07954E-04  -181.87      -59.997      -264.11      -2019.6       0.0000    
  350.9233472       1.0000       0.0000       0.0000       2506.0       0.0000       0.0000      2.07955E-04  -170.39      -60.270      -264.11      -2011.2       0.0000    
  351.0000000       1.0000       0.0000       0.0000       2502.8       0.0000       0.0000      2.07955E-04  -168.52      -60.316      -264.11      -2009.8       0.0000    
  351.0000000       1.0000       0.0000       0.0000       2502.8       0.0000       0.0000      2.07955E-04  -168.52      -60.316      -264.11      -2009.8       0.0000    
  351.3693389       1.0000       0.0000       0.0000       2488.3       0.0000       0.0000      2.07955E-04  -160.24      -60.594      -264.11      -2003.3       0.0000    
  351.7386777       1.0000       0.0000       0.0000       2474.6       0.0000       0.0000      2.07955E-04  -152.58      -60.885      -264.11      -1997.0       0.0000    
  352.0000000       1.0000       0.0000       0.0000       2465.3       0.0000       0.0000      2.07955E-04  -147.44      -61.091      -264.11      -1992.7       0.0000    
  352.0000000       1.0000       0.0000       0.0000       2465.3       0.0000       0.0000      2.07955E-04  -147.44      -61.091      -264.11      -1992.7       0.0000    
  352.2954711       1.0000       0.0000       0.0000       2455.3       0.0000       0.0000      2.07955E-04  -141.95      -61.369      -264.11      -1987.9       0.0000    
  352.5909422       1.0000       0.0000       0.0000       2445.8       0.0000       0.0000      2.07955E-04  -136.75      -61.661      -264.11      -1983.3       0.0000    
  353.0000000       1.0000       0.0000       0.0000       2433.4       0.0000       0.0000      2.05066E-04  -130.02      -62.064      -264.11      -1977.2       0.0000    
  353.0000000       1.0000       0.0000       0.0000       2433.4       0.0000       0.0000      2.05066E-04  -130.02      -62.064      -264.11      -1977.2       0.0000    
  353.2363769       1.0000       0.0000       0.0000       2426.6       0.0000       0.0000      1.93775E-04  -126.30      -62.380      -264.11      -1973.8       0.0000    
  353.4727537       1.0000       0.0000       0.0000       2420.1       0.0000       0.0000      1.74606E-04  -122.72      -62.730      -264.11      -1970.6       0.0000    
  353.9455075       1.0000       0.0000       0.0000       2408.2       0.0000       0.0000      1.12634E-04  -115.99      -63.429      -264.11      -1964.7       0.0000    
  354.0000000       1.0000       0.0000       0.0000       2406.9       0.0000       0.0000      1.03977E-04  -115.28      -63.510      -264.11      -1964.0       0.0000    
  354.0000000       1.0000       0.0000       0.0000       2406.9       0.0000       0.0000      1.03977E-04  -115.28      -63.510      -264.11      -1964.0       0.0000    
  354.0046236       1.0000       0.0000       0.0000       828.47       0.0000       0.0000      1.03243E-04   320.25      -63.388      -259.83      -1787.5       0.0000    
  354.0092473       1.0000       0.0000       0.0000      1.42022E-02   0.0000       0.0000      1.02508E-04   573.40      -63.205      -253.48      -1685.9       0.0000    
  354.0134993       1.0000       0.0000       0.0000       0.0000       0.0000       0.0000      1.01833E-04   606.82      -63.043      -247.85      -1673.8       0.0000    
  354.0183215       1.0000       0.0000       0.0000       0.0000       0.0000       0.0000      1.01067E-04   642.50      -62.866      -241.72      -1660.5       0.0000    
  354.0235096       1.0000       0.0000       0.0000       0.0000       0.0000       0.0000      1.00243E-04   678.48      -62.685      -235.41      -1646.9       0.0000    
  354.0295705       1.0000       0.0000       0.0000       0.0000       0.0000       0.0000      9.92799E-05   717.54      -62.484      -228.39      -1631.5       0.0000    
  354.0367403       1.0000       0.0000       0.0000       0.0000       0.0000       0.0000      9.81410E-05   759.97      -62.260      -220.56      -1614.4       0.0000    
  354.0460314       1.0000       0.0000       0.0000       0.0000       0.0000       0.0000      9.66650E-05   809.44      -61.991      -211.12      -1594.0       0.0000    
  354.0614145       1.0000       0.0000       0.0000       0.0000       0.0000       0.0000      9.42214E-05   879.06      -61.596      -197.17      -1564.1       0.0000    
  354.0775514       1.0000       0.0000       0.0000       0.0000       0.0000       0.0000      9.16579E-05   940.50      -61.225      -184.12      -1536.4       0.0000    
  354.0952474       1.0000       0.0000       0.0000       0.0000       0.0000       0.0000      8.88469E-05   999.97      -60.866      -171.50      -1509.8       0.0000    
  354.1127748       1.0000       0.0000       0.0000       0.0000       0.0000       0.0000      8.60625E-05   1050.4      -60.554      -160.43      -1486.7       0.0000    
  354.1321040       1.0000       0.0000       0.0000       0.0000       0.0000       0.0000      8.29920E-05   1088.5      -60.249      -149.55      -1464.6       0.0000    
  354.1528446       1.0000       0.0000       0.0000       0.0000       0.0000       0.0000      7.96973E-05   1124.1      -59.962      -139.21      -1443.8       0.0000    
  354.1760775       1.0000       0.0000       0.0000       0.0000       0.0000       0.0000      7.60066E-05   1158.4      -59.684      -129.07      -1423.6       0.0000    
  354.2020327       1.0000       0.0000       0.0000       80.127       0.0000       0.0000      7.19423E-05   1165.0      -59.451      -120.36      -1414.9       0.0000    
  354.2319561       1.0000       0.0000       0.0000       829.73       0.0000       0.0000      6.80531E-05   946.08      -59.563      -123.02      -1500.4       0.0000    
  354.2669690       1.0000       0.0000       0.0000       1081.5       0.0000       0.0000      6.35024E-05   847.09      -59.801      -129.69      -1541.0       0.0000    
  354.3090002       1.0000       0.0000       0.0000       963.23       0.0000       0.0000      5.80395E-05   859.13      -59.958      -133.43      -1536.5       0.0000    
  354.3607550       1.0000       0.0000       0.0000       825.07       0.0000       0.0000      5.13129E-05   889.57      -60.013      -133.37      -1522.3       0.0000    
  354.4273817       1.0000       0.0000       0.0000       810.25       0.0000       0.0000      4.34441E-05   887.58      -60.058      -132.46      -1519.6       0.0000    
  354.5171632       1.0000       0.0000       0.0000       847.38       0.0000       0.0000      3.43682E-05   865.74      -60.148      -132.22      -1523.5       0.0000    
  354.6460732       1.0000       0.0000       0.0000       881.89       0.0000       0.0000      2.26675E-05   838.36      -60.289      -132.28      -1527.2       0.0000    
  354.8495059       1.0000       0.0000       0.0000       923.46       0.0000       0.0000      9.40824E-06   799.95      -60.511      -132.30      -1530.5       0.0000    
  355.0000000       1.0000       0.0000       0.0000       952.61       0.0000       0.0000      2.88826E-06   772.63      -60.674      -132.31      -1532.2       0.0000    
  355.0000000       1.0000       0.0000       0.0000       952.61       0.0000       0.0000      2.88826E-06   772.63      -60.674      -132.31      -1532.2       0.0000    
  355.0034017       1.0000       0.0000       0.0000       953.27       0.0000       0.0000      2.83913E-06   772.02      -60.678      -132.31      -1532.3       0.0000    
  355.0068033       1.0000       0.0000       0.0000       953.93       0.0000       0.0000      2.79001E-06   771.40      -60.681      -132.31      -1532.3       0.0000    
  355.0136066       1.0000       0.0000       0.0000       955.24       0.0000       0.0000      2.69176E-06   770.17      -60.689      -132.31      -1532.4       0.0000    
  355.0272133       1.0000       0.0000       0.0000       957.82       0.0000       0.0000      2.49526E-06   767.51      -60.704      -132.30      -1532.5       0.0000    
  355.0544265       1.0000       0.0000       0.0000       963.93       0.0000       0.0000      2.10227E-06   761.65      -60.733      -132.29      -1532.9       0.0000    
  355.1088531       1.0000       0.0000       0.0000       977.28       0.0000       0.0000      1.31628E-06   749.51      -60.783      -132.28      -1533.8       0.0000    
  355.2177062       1.0000       0.0000       0.0000       1003.2       0.0000       0.0000       0.0000       725.51      -60.880      -132.29      -1535.5       0.0000    
  355.4354123       1.0000       0.0000       0.0000       1053.3       0.0000       0.0000       0.0000       678.68      -61.074      -132.29      -1538.6       0.0000    
  355.8708247       1.0000       0.0000       0.0000       1131.5       0.0000       0.0000       0.0000       604.73      -61.461      -132.31      -1542.4       0.0000    
  356.0000000       1.0000       0.0000       0.0000       1153.5       0.0000       0.0000       0.0000       583.95      -61.575      -132.31      -1543.5       0.0000    
  356.0000000       1.0000       0.0000       0.0000       1153.5       0.0000       0.0000       0.0000       583.95      -61.575      -132.31      -1543.5       0.0000    
  356.3483299       1.0000       0.0000       0.0000       1207.0       0.0000       0.0000       0.0000       533.51      -61.885      -132.32      -1546.3       0.0000    
  356.6966597       1.0000       0.0000       0.0000       1255.8       0.0000       0.0000       0.0000       487.99      -62.194      -132.32      -1549.3       0.0000    
  357.0000000       1.0000       0.0000       0.0000       1295.0       0.0000       0.0000       0.0000       451.85      -62.463      -132.33      -1552.0       0.0000    
  357.0000000       1.0000       0.0000       0.0000       1295.0       0.0000       0.0000       0.0000       451.85      -62.463      -132.33      -1552.0       0.0000    
  357.2786639       1.0000       0.0000       0.0000       1328.3       0.0000       0.0000       0.0000       421.46      -62.669      -132.33      -1554.7       0.0000    
  357.5573278       1.0000       0.0000       0.0000       1359.1       0.0000       0.0000       0.0000       393.68      -62.862      -132.34      -1557.6       0.0000    
  358.0000000       1.0000       0.0000       0.0000       1402.7       0.0000       0.0000       0.0000       355.36      -63.168      -132.34      -1562.6       0.0000    
  358.0000000       1.0000       0.0000       0.0000       1402.7       0.0000       0.0000       0.0000       355.36      -63.168      -132.34      -1562.6       0.0000    
  358.2229311       1.0000       0.0000       0.0000       1423.5       0.0000       0.0000       0.0000       337.38      -63.321      -132.34      -1565.2       0.0000    
  358.4458622       1.0000       0.0000       0.0000       1443.0       0.0000       0.0000       0.0000       320.67      -63.485      -132.34      -1567.9       0.0000    
  358.4664365       1.0000       0.0000       0.0000       1444.8       0.0000       0.0000       0.0000       319.14      -63.501      -132.34      -1568.1       0.0000    
  358.5075852       1.0000       0.0000       0.0000       1448.4       0.0000       0.0000       0.0000       316.09      -63.532      -132.34      -1568.6       0.0000    
  358.5075852       1.0000       0.0000       0.0000       1448.4       0.0000       0.0000       0.0000       316.09      -63.532      -132.34      -1568.6       0.0000    
  358.6859301       1.0000       0.0000       0.0000       1463.1       0.0000       0.0000       0.0000       303.74      -63.666      -132.35      -1570.9       0.0000    
  358.8642750       1.0000       0.0000       0.0000       1477.2       0.0000       0.0000       0.0000       292.09      -63.797      -132.35      -1573.1       0.0000    
  359.0000000       1.0000       0.0000       0.0000       1487.6       0.0000       0.0000       0.0000       283.62      -63.896      -132.35      -1574.9       0.0000    
  359.0000000       1.0000       0.0000       0.0000       1487.6       0.0000       0.0000       0.0000       283.62      -63.896      -132.35      -1574.9       0.0000    
  359.1426759       1.0000       0.0000       0.0000       1498.0       0.0000       0.0000       0.0000       275.12      -63.992      -132.35      -1576.8       0.0000    
  359.2853518       1.0000       0.0000       0.0000       1508.2       0.0000       0.0000       0.0000       267.00      -64.079      -132.35      -1578.7       0.0000    
  359.5707036       1.0000       0.0000       0.0000       1527.1       0.0000       0.0000       0.0000       252.18      -64.252      -132.35      -1582.7       0.0000    
  360.0000000       1.0000       0.0000       0.0000       1553.1       0.0000       0.0000       0.0000       232.54      -64.506      -132.35      -1588.8       0.0000    
