#      time         order        pmv_1        ppd_1     
  336.0000000       1.0000       0.0000       0.0000    
  336.0277111       1.0000       0.0000       0.0000    
  336.0554222       1.0000       0.0000       0.0000    
  336.0682198       1.0000       0.0000       0.0000    
  336.0682198       1.0000       0.0000       0.0000    
  336.0903887       1.0000       0.0000       0.0000    
  336.1125575       1.0000       0.0000       0.0000    
  336.1568953       1.0000       0.0000       0.0000    
  336.2455708       1.0000       0.0000       0.0000    
  336.4229219       1.0000       0.0000       0.0000    
  336.7776240       1.0000       0.0000       0.0000    
  337.0000000       1.0000       0.0000       0.0000    
  337.0000000       1.0000       0.0000       0.0000    
  337.2837617       1.0000       0.0000       0.0000    
  337.5675234       1.0000       0.0000       0.0000    
  338.0000000       1.0000       0.0000       0.0000    
  338.0000000       1.0000       0.0000       0.0000    
  338.2270094       1.0000       0.0000       0.0000    
  338.4540187       1.0000       0.0000       0.0000    
  338.9080375       1.0000       0.0000       0.0000    
  339.0000000       1.0000       0.0000       0.0000    
  339.0000000       1.0000       0.0000       0.0000    
  339.3632150       1.0000       0.0000       0.0000    
  339.7264300       1.0000       0.0000       0.0000    
  340.0000000       1.0000       0.0000       0.0000    
  340.0000000       1.0000       0.0000       0.0000    
  340.2001218       1.0000       0.0000       0.0000    
  340.4002436       1.0000       0.0000       0.0000    
  340.4264857       1.0000       0.0000       0.0000    
  340.4789699       1.0000       0.0000       0.0000    
  340.4789699       1.0000       0.0000       0.0000    
  340.6390673       1.0000       0.0000       0.0000    
  340.7991647       1.0000       0.0000       0.0000    
  341.0000000       1.0000       0.0000       0.0000    
  341.0000000       1.0000       0.0000       0.0000    
  341.0334978       1.0000       0.0000       0.0000    
  341.0669955       1.0000       0.0000       0.0000    
  341.0986329       1.0000       0.0000       0.0000    
  341.1209903       1.0000       0.0000       0.0000    
  341.1405617       1.0000       0.0000       0.0000    
  341.1612116       1.0000       0.0000       0.0000    
  341.1798055       1.0000       0.0000       0.0000    
  341.1984890       1.0000       0.0000       0.0000    
  341.2164927       1.0000       0.0000       0.0000    
  341.2347019       1.0000       0.0000       0.0000    
  341.2529417       1.0000       0.0000       0.0000    
  341.2719537       1.0000       0.0000       0.0000    
  341.2926427       1.0000       0.0000       0.0000    
  341.3153501       1.0000       0.0000       0.0000    
  341.3408346       1.0000       0.0000       0.0000    
  341.3695986       1.0000       0.0000       0.0000    
  341.4029150       1.0000       0.0000       0.0000    
  341.4420061       1.0000       0.0000       0.0000    
  341.4891999       1.0000       0.0000       0.0000    
  341.5478014       1.0000       0.0000       0.0000    
  341.6239840       1.0000       0.0000       0.0000    
  341.7273979       1.0000       0.0000       0.0000    
  341.8824781       1.0000     -0.94676       23.932    
  342.0000000       1.0000     -0.94205       23.744    
  342.0000000       1.0000     -0.94453       23.843    
  342.0253099       1.0000     -0.94456       23.844    
  342.0506198       1.0000     -0.94458       23.845    
  342.1012396       1.0000     -0.94462       23.847    
  342.2024792       1.0000     -0.94468       23.849    
  342.4049584       1.0000     -0.94472       23.851    
  342.8099168       1.0000     -0.94457       23.845    
  343.0000000       1.0000     -0.94449       23.842    
  343.0000000       1.0000     -0.94449       23.842    
  343.0343974       1.0000     -0.65168       13.919    
  343.0687947       1.0000     -0.58808       12.249    
  343.1011975       1.0000     -0.61913       13.042    
  343.1334790       1.0000     -0.66423       14.269    
  343.1755055       1.0000     -0.68791       14.949    
  343.2407045       1.0000     -0.68364       14.824    
  343.3212849       1.0000     -0.67649       14.618    
  343.4507502       1.0000     -0.67334       14.528    
  343.6548670       1.0000     -0.67027       14.440    
  344.0000000       1.0000     -0.66554       14.306    
  344.0000000       1.0000     -0.66554       14.306    
  344.0275179       1.0000     -0.66516       14.296    
  344.0550358       1.0000     -0.66479       14.285    
  344.1100716       1.0000     -0.66407       14.265    
  344.2201431       1.0000     -0.66268       14.226    
  344.4402862       1.0000     -0.66020       14.156    
  344.8805725       1.0000     -0.65603       14.040    
  345.0000000       1.0000     -0.65495       14.010    
  345.0000000       1.0000     -0.65495       14.010    
  345.3522290       1.0000     -0.65228       13.936    
  345.7044580       1.0000     -0.65013       13.876    
  346.0000000       1.0000     -0.64851       13.832    
  346.0000000       1.0000     -0.64851       13.832    
  346.2817832       1.0000     -0.64710       13.793    
  346.5635664       1.0000     -0.64581       13.757    
  347.0000000       1.0000     -0.64405       13.709    
  347.0000000       1.0000     -0.64405       13.709    
  347.2254266       1.0000     -0.64319       13.686    
  347.4508531       1.0000     -0.64238       13.664    
  347.9017062       1.0000     -0.64092       13.624    
  348.0000000       1.0000     -0.64061       13.615    
  348.0000000       1.0000     -0.64061       13.615    
  348.3606825       1.0000     -0.63954       13.587    
  348.7213650       1.0000     -0.63855       13.560    
  349.0000000       1.0000     -0.63782       13.540    
  349.0000000       1.0000     -0.63782       13.540    
  349.2885460       1.0000     -0.63709       13.520    
  349.5770920       1.0000     -0.63640       13.501    
  350.0000000       1.0000     -0.63543       13.476    
  350.0000000       1.0000     -0.63543       13.476    
  350.2308368       1.0000     -0.63492       13.462    
  350.4616736       1.0000     -0.63442       13.448    
  350.9233472       1.0000     -0.63348       13.423    
  351.0000000       1.0000     -0.63333       13.419    
  351.0000000       1.0000     -0.63333       13.419    
  351.3693389       1.0000     -0.63261       13.400    
  351.7386777       1.0000     -0.63193       13.382    
  352.0000000       1.0000     -0.63147       13.369    
  352.0000000       1.0000     -0.63147       13.369    
  352.2954711       1.0000     -0.63096       13.356    
  352.5909422       1.0000     -0.63048       13.343    
  353.0000000       1.0000     -0.62984       13.326    
  353.0000000       1.0000     -0.62984       13.326    
  353.2363769       1.0000     -0.62949       13.316    
  353.4727537       1.0000     -0.62914       13.307    
  353.9455075       1.0000     -0.62850       13.290    
  354.0000000       1.0000     -0.62843       13.288    
  354.0000000       1.0000     -0.62843       13.288    
  354.0046236       1.0000     -0.68729       14.931    
  354.0092473       1.0000     -0.72756       16.141    
  354.0134993       1.0000     -0.73547       16.387    
  354.0183215       1.0000     -0.74412       16.659    
  354.0235096       1.0000     -0.75308       16.944    
  354.0295705       1.0000     -0.76309       17.267    
  354.0367403       1.0000     -0.77435       17.635    
  354.0460314       1.0000     -0.78804       18.090    
  354.0614145       1.0000     -0.80855       18.785    
  354.0775514       1.0000     -0.82804       19.463    
  354.0952474       1.0000     -0.84731       20.149    
  354.1127748       1.0000     -0.86454       20.776    
  354.1321040       1.0000     -0.88168       21.411    
  354.1528446       1.0000     -0.89834       22.040    
  354.1760775       1.0000     -0.91508       22.684    
  354.2020327       1.0000     -0.90561       22.318    
  354.2319561       1.0000     -0.87521       21.170    
  354.2669690       1.0000     -0.86253       20.702    
  354.3090002       1.0000     -0.86640       20.844    
  354.3607550       1.0000     -0.87374       21.115    
  354.4273817       1.0000     -0.87727       21.247    
  354.5171632       1.0000     -0.87905       21.313    
  354.6460732       1.0000     -0.88189       21.419    
  354.8495059       1.0000     -0.88643       21.589    
  355.0000000       1.0000     -0.88956       21.707    
  355.0000000       1.0000     -0.88956       21.707    
  355.0034017       1.0000     -0.88963       21.710    
  355.0068033       1.0000     -0.88970       21.713    
  355.0136066       1.0000     -0.88984       21.718    
  355.0272133       1.0000     -0.89011       21.728    
  355.0544265       1.0000     -0.89061       21.747    
  355.1088531       1.0000     -0.89153       21.782    
  355.2177062       1.0000       0.0000       0.0000    
  355.4354123       1.0000       0.0000       0.0000    
  355.8708247       1.0000       0.0000       0.0000    
  356.0000000       1.0000       0.0000       0.0000    
  356.0000000       1.0000       0.0000       0.0000    
  356.3483299       1.0000       0.0000       0.0000    
  356.6966597       1.0000       0.0000       0.0000    
  357.0000000       1.0000       0.0000       0.0000    
  357.0000000       1.0000       0.0000       0.0000    
  357.2786639       1.0000       0.0000       0.0000    
  357.5573278       1.0000       0.0000       0.0000    
  358.0000000       1.0000       0.0000       0.0000    
  358.0000000       1.0000       0.0000       0.0000    
  358.2229311       1.0000       0.0000       0.0000    
  358.4458622       1.0000       0.0000       0.0000    
  358.4664365       1.0000       0.0000       0.0000    
  358.5075852       1.0000       0.0000       0.0000    
  358.5075852       1.0000       0.0000       0.0000    
  358.6859301       1.0000       0.0000       0.0000    
  358.8642750       1.0000       0.0000       0.0000    
  359.0000000       1.0000       0.0000       0.0000    
  359.0000000       1.0000       0.0000       0.0000    
  359.1426759       1.0000       0.0000       0.0000    
  359.2853518       1.0000       0.0000       0.0000    
  359.5707036       1.0000       0.0000       0.0000    
  360.0000000       1.0000       0.0000       0.0000    
