#      time         order        pmv_1        ppd_1     
  336.0000000       1.0000       0.0000       0.0000    
  336.0277111       1.0000       0.0000       0.0000    
  336.0554222       1.0000       0.0000       0.0000    
  336.0682198       1.0000       0.0000       0.0000    
  336.0682198       1.0000       0.0000       0.0000    
  336.0903887       1.0000       0.0000       0.0000    
  336.1125575       1.0000       0.0000       0.0000    
  336.1568953       1.0000       0.0000       0.0000    
  336.2455708       1.0000       0.0000       0.0000    
  336.4229219       1.0000       0.0000       0.0000    
  336.7776240       1.0000       0.0000       0.0000    
  337.0000000       1.0000       0.0000       0.0000    
  337.0000000       1.0000       0.0000       0.0000    
  337.2837617       1.0000       0.0000       0.0000    
  337.5675234       1.0000       0.0000       0.0000    
  338.0000000       1.0000       0.0000       0.0000    
  338.0000000       1.0000       0.0000       0.0000    
  338.2270094       1.0000       0.0000       0.0000    
  338.4540187       1.0000       0.0000       0.0000    
  338.9080375       1.0000       0.0000       0.0000    
  339.0000000       1.0000       0.0000       0.0000    
  339.0000000       1.0000       0.0000       0.0000    
  339.3632150       1.0000       0.0000       0.0000    
  339.7264300       1.0000       0.0000       0.0000    
  340.0000000       1.0000       0.0000       0.0000    
  340.0000000       1.0000       0.0000       0.0000    
  340.2001218       1.0000       0.0000       0.0000    
  340.4002436       1.0000       0.0000       0.0000    
  340.4264857       1.0000       0.0000       0.0000    
  340.4789699       1.0000       0.0000       0.0000    
  340.4789699       1.0000       0.0000       0.0000    
  340.6390673       1.0000       0.0000       0.0000    
  340.7991647       1.0000       0.0000       0.0000    
  341.0000000       1.0000       0.0000       0.0000    
  341.0000000       1.0000       0.0000       0.0000    
  341.0334978       1.0000       0.0000       0.0000    
  341.0669955       1.0000       0.0000       0.0000    
  341.0986329       1.0000       0.0000       0.0000    
  341.1209903       1.0000       0.0000       0.0000    
  341.1405617       1.0000       0.0000       0.0000    
  341.1612116       1.0000       0.0000       0.0000    
  341.1798055       1.0000       0.0000       0.0000    
  341.1984890       1.0000       0.0000       0.0000    
  341.2164927       1.0000       0.0000       0.0000    
  341.2347019       1.0000       0.0000       0.0000    
  341.2529417       1.0000       0.0000       0.0000    
  341.2719537       1.0000       0.0000       0.0000    
  341.2926427       1.0000       0.0000       0.0000    
  341.3153501       1.0000       0.0000       0.0000    
  341.3408346       1.0000       0.0000       0.0000    
  341.3695986       1.0000       0.0000       0.0000    
  341.4029150       1.0000       0.0000       0.0000    
  341.4420061       1.0000       0.0000       0.0000    
  341.4891999       1.0000       0.0000       0.0000    
  341.5478014       1.0000       0.0000       0.0000    
  341.6239840       1.0000       0.0000       0.0000    
  341.7273979       1.0000       0.0000       0.0000    
  341.8824781       1.0000     -0.96360       24.613    
  342.0000000       1.0000     -0.95883       24.419    
  342.0000000       1.0000     -0.96128       24.518    
  342.0253099       1.0000     -0.96130       24.519    
  342.0506198       1.0000     -0.96132       24.520    
  342.1012396       1.0000     -0.96136       24.521    
  342.2024792       1.0000     -0.96141       24.523    
  342.4049584       1.0000     -0.96143       24.524    
  342.8099168       1.0000     -0.96124       24.516    
  343.0000000       1.0000     -0.96113       24.512    
  343.0000000       1.0000     -0.96113       24.512    
  343.0343974       1.0000     -0.66750       14.362    
  343.0687947       1.0000     -0.60233       12.608    
  343.1011975       1.0000     -0.63147       13.369    
  343.1334790       1.0000     -0.67606       14.606    
  343.1755055       1.0000     -0.70016       15.310    
  343.2407045       1.0000     -0.69635       15.197    
  343.3212849       1.0000     -0.68918       14.986    
  343.4507502       1.0000     -0.68590       14.890    
  343.6548670       1.0000     -0.68278       14.800    
  344.0000000       1.0000     -0.67808       14.664    
  344.0000000       1.0000     -0.67808       14.664    
  344.0275179       1.0000     -0.67771       14.653    
  344.0550358       1.0000     -0.67734       14.642    
  344.1100716       1.0000     -0.67662       14.622    
  344.2201431       1.0000     -0.67526       14.583    
  344.4402862       1.0000     -0.67284       14.513    
  344.8805725       1.0000     -0.66885       14.400    
  345.0000000       1.0000     -0.66782       14.371    
  345.0000000       1.0000     -0.66782       14.371    
  345.3522290       1.0000     -0.66520       14.297    
  345.7044580       1.0000     -0.66291       14.232    
  346.0000000       1.0000     -0.66129       14.186    
  346.0000000       1.0000     -0.66129       14.186    
  346.2817832       1.0000     -0.65993       14.148    
  346.5635664       1.0000     -0.65869       14.114    
  347.0000000       1.0000     -0.65700       14.066    
  347.0000000       1.0000     -0.65700       14.066    
  347.2254266       1.0000     -0.65618       14.044    
  347.4508531       1.0000     -0.65540       14.022    
  347.9017062       1.0000     -0.65400       13.983    
  348.0000000       1.0000     -0.65371       13.975    
  348.0000000       1.0000     -0.65371       13.975    
  348.3606825       1.0000     -0.65269       13.947    
  348.7213650       1.0000     -0.65173       13.920    
  349.0000000       1.0000     -0.65102       13.901    
  349.0000000       1.0000     -0.65102       13.901    
  349.2885460       1.0000     -0.65032       13.881    
  349.5770920       1.0000     -0.64965       13.863    
  350.0000000       1.0000     -0.64872       13.837    
  350.0000000       1.0000     -0.64872       13.837    
  350.2308368       1.0000     -0.64822       13.824    
  350.4616736       1.0000     -0.64774       13.810    
  350.9233472       1.0000     -0.64683       13.785    
  351.0000000       1.0000     -0.64669       13.781    
  351.0000000       1.0000     -0.64669       13.781    
  351.3693389       1.0000     -0.64600       13.763    
  351.7386777       1.0000     -0.64534       13.745    
  352.0000000       1.0000     -0.64489       13.732    
  352.0000000       1.0000     -0.64489       13.732    
  352.2954711       1.0000     -0.64441       13.719    
  352.5909422       1.0000     -0.64394       13.706    
  353.0000000       1.0000     -0.64333       13.690    
  353.0000000       1.0000     -0.64333       13.690    
  353.2363769       1.0000     -0.64299       13.680    
  353.4727537       1.0000     -0.64266       13.671    
  353.9455075       1.0000     -0.64206       13.655    
  354.0000000       1.0000     -0.64199       13.653    
  354.0000000       1.0000     -0.64199       13.653    
  354.0046236       1.0000     -0.70037       15.316    
  354.0092473       1.0000     -0.75820       17.108    
  354.0134993       1.0000     -0.76772       17.417    
  354.0183215       1.0000     -0.77809       17.758    
  354.0235096       1.0000     -0.78886       18.117    
  354.0295705       1.0000     -0.80092       18.524    
  354.0367403       1.0000     -0.81449       18.990    
  354.0460314       1.0000     -0.83099       19.567    
  354.0614145       1.0000     -0.85573       20.454    
  354.0775514       1.0000     -0.87932       21.323    
  354.0952474       1.0000     -0.90272       22.208    
  354.1127748       1.0000     -0.92377       23.022    
  354.1321040       1.0000     -0.94489       23.858    
  354.1528446       1.0000     -0.96331       24.600    
  354.1760775       1.0000     -0.92025       22.885    
  354.2020327       1.0000     -0.88562       21.559    
  354.2319561       1.0000     -0.87405       21.127    
  354.2669690       1.0000     -0.88121       21.394    
  354.3090002       1.0000     -0.89208       21.803    
  354.3607550       1.0000     -0.89708       21.992    
  354.4273817       1.0000     -0.89807       22.030    
  354.5171632       1.0000     -0.89965       22.090    
  354.6460732       1.0000     -0.90280       22.211    
  354.8495059       1.0000     -0.90695       22.370    
  355.0000000       1.0000     -0.90959       22.472    
  355.0000000       1.0000     -0.90959       22.472    
  355.0034017       1.0000     -0.90965       22.474    
  355.0068033       1.0000     -0.90971       22.476    
  355.0136066       1.0000     -0.90983       22.481    
  355.0272133       1.0000     -0.91006       22.490    
  355.0544265       1.0000     -0.91051       22.507    
  355.1088531       1.0000     -0.91144       22.543    
  355.2177062       1.0000       0.0000       0.0000    
  355.4354123       1.0000       0.0000       0.0000    
  355.8708247       1.0000       0.0000       0.0000    
  356.0000000       1.0000       0.0000       0.0000    
  356.0000000       1.0000       0.0000       0.0000    
  356.3483299       1.0000       0.0000       0.0000    
  356.6966597       1.0000       0.0000       0.0000    
  357.0000000       1.0000       0.0000       0.0000    
  357.0000000       1.0000       0.0000       0.0000    
  357.2786639       1.0000       0.0000       0.0000    
  357.5573278       1.0000       0.0000       0.0000    
  358.0000000       1.0000       0.0000       0.0000    
  358.0000000       1.0000       0.0000       0.0000    
  358.2229311       1.0000       0.0000       0.0000    
  358.4458622       1.0000       0.0000       0.0000    
  358.4664365       1.0000       0.0000       0.0000    
  358.5075852       1.0000       0.0000       0.0000    
  358.5075852       1.0000       0.0000       0.0000    
  358.6859301       1.0000       0.0000       0.0000    
  358.8642750       1.0000       0.0000       0.0000    
  359.0000000       1.0000       0.0000       0.0000    
  359.0000000       1.0000       0.0000       0.0000    
  359.1426759       1.0000       0.0000       0.0000    
  359.2853518       1.0000       0.0000       0.0000    
  359.5707036       1.0000       0.0000       0.0000    
  360.0000000       1.0000       0.0000       0.0000    
