#      time         order        q_cool       q_equip      q_heat       q_light      q_loss       q_occ        qintw        ql_a         qventil      qwcb         qwind     
  336.0000000       1.0000       0.0000       0.0000       2632.1       0.0000       0.0000       0.0000       210.00      -64.509      -132.35      -1659.1      -986.14    
  336.0277111       1.0000       0.0000       0.0000       2633.8       0.0000       0.0000       0.0000       208.94      -64.526      -132.35      -1659.5      -986.35    
  336.0554222       1.0000       0.0000       0.0000       2635.6       0.0000       0.0000       0.0000       207.89      -64.543      -132.35      -1660.0      -986.57    
  336.0682198       1.0000       0.0000       0.0000       2636.4       0.0000       0.0000       0.0000       207.40      -64.550      -132.35      -1660.2      -986.67    
  336.0682198       1.0000       0.0000       0.0000       2636.4       0.0000       0.0000       0.0000       207.40      -64.550      -132.35      -1660.2      -986.67    
  336.0903887       1.0000       0.0000       0.0000       2637.8       0.0000       0.0000       0.0000       206.57      -64.559      -132.35      -1660.6      -986.84    
  336.1125575       1.0000       0.0000       0.0000       2639.2       0.0000       0.0000       0.0000       205.74      -64.567      -132.35      -1661.0      -987.01    
  336.1568953       1.0000       0.0000       0.0000       2641.9       0.0000       0.0000       0.0000       204.12      -64.584      -132.35      -1661.7      -987.33    
  336.2455708       1.0000       0.0000       0.0000       2647.2       0.0000       0.0000       0.0000       200.90      -64.618      -132.35      -1663.2      -987.95    
  336.4229219       1.0000       0.0000       0.0000       2657.4       0.0000       0.0000       0.0000       194.88      -64.685      -132.35      -1666.2      -989.02    
  336.7776240       1.0000       0.0000       0.0000       2676.3       0.0000       0.0000       0.0000       183.91      -64.822      -132.36      -1672.1      -990.96    
  337.0000000       1.0000       0.0000       0.0000       2687.8       0.0000       0.0000       0.0000       177.46      -64.908      -132.36      -1675.8      -992.13    
  337.0000000       1.0000       0.0000       0.0000       2687.8       0.0000       0.0000       0.0000       177.46      -64.908      -132.36      -1675.8      -992.13    
  337.2837617       1.0000       0.0000       0.0000       2701.5       0.0000       0.0000       0.0000       169.80      -64.994      -132.36      -1680.5      -993.45    
  337.5675234       1.0000       0.0000       0.0000       2714.6       0.0000       0.0000       0.0000       162.68      -65.075      -132.36      -1685.2      -994.63    
  338.0000000       1.0000       0.0000       0.0000       2733.3       0.0000       0.0000       0.0000       152.88      -65.198      -132.36      -1692.3      -996.32    
  338.0000000       1.0000       0.0000       0.0000       2733.3       0.0000       0.0000       0.0000       152.88      -65.198      -132.36      -1692.3      -996.32    
  338.2270094       1.0000       0.0000       0.0000       2742.8       0.0000       0.0000       0.0000       148.01      -65.264      -132.36      -1696.0      -997.19    
  338.4540187       1.0000       0.0000       0.0000       2752.0       0.0000       0.0000       0.0000       143.38      -65.329      -132.36      -1699.6      -998.05    
  338.9080375       1.0000       0.0000       0.0000       2769.5       0.0000       0.0000       0.0000       135.00      -65.461      -132.36      -1706.9      -999.77    
  339.0000000       1.0000       0.0000       0.0000       2773.0       0.0000       0.0000       0.0000       133.34      -65.488      -132.36      -1708.3      -1000.1    
  339.0000000       1.0000       0.0000       0.0000       2773.0       0.0000       0.0000       0.0000       133.34      -65.488      -132.36      -1708.3      -1000.1    
  339.3632150       1.0000       0.0000       0.0000       2786.0       0.0000       0.0000       0.0000       127.24      -65.562      -132.36      -1714.1      -1001.3    
  339.7264300       1.0000       0.0000       0.0000       2798.4       0.0000       0.0000       0.0000       121.58      -65.630      -132.36      -1719.8      -1002.3    
  340.0000000       1.0000       0.0000       0.0000       2807.5       0.0000       0.0000       0.0000       117.53      -65.682      -132.36      -1724.0      -1003.0    
  340.0000000       1.0000       0.0000       0.0000       2807.5       0.0000       0.0000       0.0000       117.53      -65.682      -132.36      -1724.0      -1003.0    
  340.2001218       1.0000       0.0000       0.0000       2813.6       0.0000       0.0000       0.0000       114.69      -65.663      -132.36      -1727.1      -1003.2    
  340.4002436       1.0000       0.0000       0.0000       2819.2       0.0000       0.0000       0.0000       111.94      -65.616      -132.36      -1730.1      -1003.0    
  340.4264857       1.0000       0.0000       0.0000       2819.9       0.0000       0.0000       0.0000       111.59      -65.610      -132.36      -1730.5      -1003.0    
  340.4789699       1.0000       0.0000       0.0000       2821.4       0.0000       0.0000       0.0000       110.87      -65.598      -132.36      -1731.3      -1003.0    
  340.4789699       1.0000       0.0000       0.0000       2821.4       0.0000       0.0000       0.0000       110.87      -65.598      -132.36      -1731.3      -1003.0    
  340.6390673       1.0000       0.0000       0.0000       2825.6       0.0000       0.0000       0.0000       108.77      -65.562      -132.36      -1733.8      -1002.7    
  340.7991647       1.0000       0.0000       0.0000       2829.6       0.0000       0.0000       0.0000       106.72      -65.526      -132.37      -1736.2      -1002.3    
  341.0000000       1.0000       0.0000       0.0000       2834.5       0.0000       0.0000       0.0000       104.24      -65.482      -132.37      -1739.2      -1001.7    
  341.0000000       1.0000       0.0000       0.0000       2834.5       0.0000       0.0000       0.0000       104.24      -65.482      -132.37      -1739.2      -1001.7    
  341.0334978       1.0000       0.0000       0.0000       2835.3       0.0000       0.0000       0.0000       103.83      -65.475      -132.37      -1739.6      -1001.6    
  341.0669955       1.0000       0.0000       0.0000       2836.1       0.0000       0.0000       0.0000       103.42      -65.468      -132.37      -1740.1      -1001.5    
  341.0986329       1.0000       0.0000       0.0000       2836.8       0.0000       0.0000       0.0000       103.03      -65.444      -132.37      -1740.6      -1001.4    
  341.1209903       1.0000       0.0000       0.0000       2837.3       0.0000       0.0000       0.0000       102.76      -65.427      -132.37      -1740.9      -1001.3    
  341.1405617       1.0000       0.0000       0.0000       2837.7       0.0000       0.0000       0.0000       102.52      -65.413      -132.37      -1741.2      -1001.2    
  341.1612116       1.0000       0.0000       0.0000       2838.2       0.0000       0.0000       0.0000       102.28      -65.397      -132.37      -1741.5      -1001.1    
  341.1798055       1.0000       0.0000       0.0000       2838.6       0.0000       0.0000       0.0000       102.06      -65.383      -132.37      -1741.8      -1001.1    
  341.1984890       1.0000       0.0000       0.0000       2838.9       0.0000       0.0000       0.0000       101.84      -65.369      -132.37      -1742.1      -1001.0    
  341.2164927       1.0000       0.0000       0.0000       2839.3       0.0000       0.0000       0.0000       101.62      -65.355      -132.37      -1742.3      -1000.9    
  341.2347019       1.0000       0.0000       0.0000       2839.7       0.0000       0.0000       0.0000       101.41      -65.342      -132.37      -1742.6      -1000.8    
  341.2529417       1.0000       0.0000       0.0000       2840.0       0.0000       0.0000       0.0000       101.19      -65.328      -132.37      -1742.9      -1000.7    
  341.2719537       1.0000       0.0000       0.0000       2840.4       0.0000       0.0000       0.0000       100.97      -65.314      -132.37      -1743.2      -1000.5    
  341.2926427       1.0000       0.0000       0.0000       2840.8       0.0000       0.0000       0.0000       100.72      -65.298      -132.37      -1743.5      -1000.4    
  341.3153501       1.0000       0.0000       0.0000       2841.2       0.0000       0.0000       0.0000       100.46      -65.281      -132.37      -1743.8      -1000.3    
  341.3408346       1.0000       0.0000       0.0000       2841.7       0.0000       0.0000       0.0000       100.16      -65.262      -132.37      -1744.2      -1000.1    
  341.3695986       1.0000       0.0000       0.0000       2842.2       0.0000       0.0000       0.0000       99.827      -65.241      -132.37      -1744.6      -999.86    
  341.4029150       1.0000       0.0000       0.0000       2842.8       0.0000       0.0000       0.0000       99.441      -65.216      -132.37      -1745.1      -999.61    
  341.4420061       1.0000       0.0000       0.0000       2843.5       0.0000       0.0000       0.0000       98.991      -65.187      -132.37      -1745.6      -999.30    
  341.4891999       1.0000       0.0000       0.0000       2844.3       0.0000       0.0000       0.0000       98.451      -65.152      -132.37      -1746.3      -998.91    
  341.5478014       1.0000       0.0000       0.0000       2845.2       0.0000       0.0000       0.0000       97.786      -65.109      -132.37      -1747.2      -998.40    
  341.6239840       1.0000       0.0000       0.0000       2846.5       0.0000       0.0000       0.0000       96.931      -65.053      -132.37      -1748.2      -997.72    
  341.7273979       1.0000       0.0000       0.0000       2848.0       0.0000       0.0000       0.0000       95.785      -64.978      -132.37      -1749.7      -996.76    
  341.8824781       1.0000       0.0000       0.0000       2850.3       0.0000       0.0000      1.18742E-06   94.108      -64.866      -132.37      -1751.9      -995.28    
  342.0000000       1.0000       0.0000       0.0000       2851.9       0.0000       0.0000      2.88738E-06   92.857      -64.782      -132.37      -1753.5      -994.14    
  342.0000000       1.0000       0.0000       0.0000       2851.9       0.0000       0.0000      2.88375E-06   92.857      -64.782      -132.37      -1753.5      -994.14    
  342.0253099       1.0000       0.0000       0.0000       2852.3       0.0000       0.0000      3.97859E-06   92.589      -64.764      -132.37      -1753.9      -993.89    
  342.0506198       1.0000       0.0000       0.0000       2852.6       0.0000       0.0000      5.07346E-06   92.321      -64.745      -132.37      -1754.2      -993.64    
  342.1012396       1.0000       0.0000       0.0000       2853.2       0.0000       0.0000      7.26326E-06   91.788      -64.673      -132.37      -1754.9      -993.07    
  342.2024792       1.0000       0.0000       0.0000       2854.1       0.0000       0.0000      1.17147E-05   90.747      -64.491      -132.37      -1756.3      -991.68    
  342.4049584       1.0000       0.0000       0.0000       2854.7       0.0000       0.0000      2.64599E-05   88.701      -64.131      -132.38      -1758.9      -987.98    
  342.8099168       1.0000       0.0000       0.0000       2854.3       0.0000       0.0000      7.37079E-05   84.702      -63.422      -132.38      -1764.0      -979.23    
  343.0000000       1.0000       0.0000       0.0000       2853.8       0.0000       0.0000      1.03890E-04   82.862      -63.107      -132.38      -1766.3      -974.94    
  343.0000000       1.0000       0.0000       0.0000       2853.8       0.0000       0.0000      1.03890E-04   82.862      -63.107      -132.38      -1766.3      -974.94    
  343.0343974       1.0000       0.0000       0.0000       7783.9       0.0000       0.0000      1.09325E-04  -1347.2      -65.388      -210.58      -2656.5      -1138.2    
  343.0687947       1.0000       0.0000       0.0000       7553.1       0.0000       0.0000      1.14777E-04  -1578.1      -67.007      -266.60      -2793.0      -1153.6    
  343.1011975       1.0000       0.0000       0.0000       5922.8       0.0000       0.0000      1.19962E-04  -1316.6      -67.436      -282.88      -2622.1      -1111.0    
  343.1334790       1.0000       0.0000       0.0000       4730.6       0.0000       0.0000      1.25090E-04  -1033.8      -67.231      -277.88      -2443.4      -1069.4    
  343.1755055       1.0000       0.0000       0.0000       4369.4       0.0000       0.0000      1.31765E-04  -892.84      -66.841      -267.30      -2357.6      -1046.8    
  343.2407045       1.0000       0.0000       0.0000       4562.3       0.0000       0.0000      1.40946E-04  -896.54      -66.597      -262.99      -2363.4      -1041.7    
  343.3212849       1.0000       0.0000       0.0000       4647.0       0.0000       0.0000      1.51420E-04  -901.05      -66.476      -263.70      -2369.2      -1037.4    
  343.4507502       1.0000       0.0000       0.0000       4577.8       0.0000       0.0000      1.66784E-04  -862.86      -66.263      -264.30      -2351.0      -1028.6    
  343.6548670       1.0000       0.0000       0.0000       4474.5       0.0000       0.0000      1.85840E-04  -801.45      -65.895      -264.28      -2324.0      -1018.9    
  344.0000000       1.0000       0.0000       0.0000       4344.0       0.0000       0.0000      2.05000E-04  -714.71      -65.266      -264.24      -2292.0      -1007.9    
  344.0000000       1.0000       0.0000       0.0000       4344.0       0.0000       0.0000      2.05000E-04  -714.71      -65.266      -264.24      -2292.0      -1007.9    
  344.0275179       1.0000       0.0000       0.0000       4333.8       0.0000       0.0000      2.05399E-04  -707.94      -65.216      -264.23      -2289.5      -1007.0    
  344.0550358       1.0000       0.0000       0.0000       4323.9       0.0000       0.0000      2.05798E-04  -701.27      -65.166      -264.23      -2287.2      -1006.2    
  344.1100716       1.0000       0.0000       0.0000       4304.8       0.0000       0.0000      2.06596E-04  -688.29      -65.074      -264.23      -2282.7      -1004.7    
  344.2201431       1.0000       0.0000       0.0000       4268.8       0.0000       0.0000      2.07900E-04  -663.46      -64.894      -264.22      -2274.5      -1001.8    
  344.4402862       1.0000       0.0000       0.0000       4205.1       0.0000       0.0000      2.07910E-04  -618.83      -64.532      -264.20      -2261.0      -996.59    
  344.8805725       1.0000       0.0000       0.0000       4100.1       0.0000       0.0000      2.07924E-04  -544.69      -63.805      -264.18      -2240.6      -986.81    
  345.0000000       1.0000       0.0000       0.0000       4073.2       0.0000       0.0000      2.07928E-04  -525.74      -63.607      -264.18      -2235.6      -984.19    
  345.0000000       1.0000       0.0000       0.0000       4073.2       0.0000       0.0000      2.07928E-04  -525.74      -63.607      -264.18      -2235.6      -984.19    
  345.3522290       1.0000       0.0000       0.0000       4004.7       0.0000       0.0000      2.07935E-04  -477.43      -63.078      -264.17      -2223.1      -976.94    
  345.7044580       1.0000       0.0000       0.0000       3944.7       0.0000       0.0000      2.07940E-04  -435.59      -62.561      -264.16      -2212.4      -969.97    
  346.0000000       1.0000       0.0000       0.0000       3899.2       0.0000       0.0000      2.07943E-04  -404.43      -62.126      -264.15      -2204.3      -964.21    
  346.0000000       1.0000       0.0000       0.0000       3899.2       0.0000       0.0000      2.07943E-04  -404.43      -62.126      -264.15      -2204.3      -964.21    
  346.2817832       1.0000       0.0000       0.0000       3860.3       0.0000       0.0000      2.07946E-04  -377.82      -61.816      -264.15      -2197.1      -959.47    
  346.5635664       1.0000       0.0000       0.0000       3823.5       0.0000       0.0000      2.07948E-04  -352.52      -61.540      -264.14      -2190.0      -955.28    
  347.0000000       1.0000       0.0000       0.0000       3773.4       0.0000       0.0000      2.07950E-04  -319.13      -61.111      -264.14      -2179.6      -949.36    
  347.0000000       1.0000       0.0000       0.0000       3773.4       0.0000       0.0000      2.07950E-04  -319.13      -61.111      -264.14      -2179.6      -949.36    
  347.2254266       1.0000       0.0000       0.0000       3749.4       0.0000       0.0000      2.07951E-04  -303.39      -60.920      -264.14      -2174.4      -946.57    
  347.4508531       1.0000       0.0000       0.0000       3727.2       0.0000       0.0000      2.07952E-04  -288.96      -60.743      -264.13      -2169.4      -944.01    
  347.9017062       1.0000       0.0000       0.0000       3687.5       0.0000       0.0000      2.07953E-04  -264.32      -60.388      -264.13      -2159.5      -939.23    
  348.0000000       1.0000       0.0000       0.0000       3679.1       0.0000       0.0000      2.07953E-04  -259.15      -60.310      -264.13      -2157.3      -938.19    
  348.0000000       1.0000       0.0000       0.0000       3679.1       0.0000       0.0000      2.07953E-04  -259.15      -60.310      -264.13      -2157.3      -938.19    
  348.3606825       1.0000       0.0000       0.0000       3651.3       0.0000       0.0000      2.07953E-04  -242.31      -60.113      -264.12      -2149.6      -935.13    
  348.7213650       1.0000       0.0000       0.0000       3625.9       0.0000       0.0000      2.07954E-04  -227.31      -59.935      -264.12      -2142.0      -932.54    
  349.0000000       1.0000       0.0000       0.0000       3607.4       0.0000       0.0000      2.07954E-04  -216.68      -59.798      -264.12      -2136.1      -930.68    
  349.0000000       1.0000       0.0000       0.0000       3607.4       0.0000       0.0000      2.07954E-04  -216.68      -59.798      -264.12      -2136.1      -930.68    
  349.2885460       1.0000       0.0000       0.0000       3590.1       0.0000       0.0000      2.07954E-04  -206.58      -59.764      -264.12      -2130.1      -929.57    
  349.5770920       1.0000       0.0000       0.0000       3574.4       0.0000       0.0000      2.07954E-04  -197.26      -59.764      -264.12      -2124.1      -929.11    
  350.0000000       1.0000       0.0000       0.0000       3553.4       0.0000       0.0000      2.07954E-04  -185.02      -59.764      -264.11      -2115.5      -928.98    
  350.0000000       1.0000       0.0000       0.0000       3553.4       0.0000       0.0000      2.07954E-04  -185.02      -59.764      -264.11      -2115.5      -928.98    
  350.2308368       1.0000       0.0000       0.0000       3543.1       0.0000       0.0000      2.07954E-04  -178.73      -59.861      -264.11      -2110.8      -929.60    
  350.4616736       1.0000       0.0000       0.0000       3533.9       0.0000       0.0000      2.07954E-04  -172.77      -59.997      -264.11      -2106.2      -930.83    
  350.9233472       1.0000       0.0000       0.0000       3517.8       0.0000       0.0000      2.07954E-04  -162.01      -60.270      -264.11      -2097.1      -934.26    
  351.0000000       1.0000       0.0000       0.0000       3515.1       0.0000       0.0000      2.07954E-04  -160.25      -60.316      -264.11      -2095.6      -934.85    
  351.0000000       1.0000       0.0000       0.0000       3515.1       0.0000       0.0000      2.07954E-04  -160.25      -60.316      -264.11      -2095.6      -934.85    
  351.3693389       1.0000       0.0000       0.0000       3504.1       0.0000       0.0000      2.07955E-04  -152.41      -60.594      -264.11      -2088.6      -938.35    
  351.7386777       1.0000       0.0000       0.0000       3494.2       0.0000       0.0000      2.07955E-04  -145.12      -60.885      -264.11      -2081.8      -942.23    
  352.0000000       1.0000       0.0000       0.0000       3487.6       0.0000       0.0000      2.07955E-04  -140.21      -61.091      -264.11      -2077.1      -945.07    
  352.0000000       1.0000       0.0000       0.0000       3487.6       0.0000       0.0000      2.07955E-04  -140.21      -61.091      -264.11      -2077.1      -945.07    
  352.2954711       1.0000       0.0000       0.0000       3481.1       0.0000       0.0000      2.07955E-04  -134.94      -61.369      -264.10      -2072.0      -948.65    
  352.5909422       1.0000       0.0000       0.0000       3475.2       0.0000       0.0000      2.07955E-04  -129.93      -61.660      -264.10      -2067.0      -952.50    
  353.0000000       1.0000       0.0000       0.0000       3468.1       0.0000       0.0000      2.05066E-04  -123.43      -62.064      -264.10      -2060.5      -958.03    
  353.0000000       1.0000       0.0000       0.0000       3468.1       0.0000       0.0000      2.05066E-04  -123.43      -62.064      -264.10      -2060.5      -958.03    
  353.2363769       1.0000       0.0000       0.0000       3464.9       0.0000       0.0000      1.93775E-04  -119.80      -62.380      -264.10      -2056.9      -961.78    
  353.4727537       1.0000       0.0000       0.0000       3462.5       0.0000       0.0000      1.74606E-04  -116.29      -62.730      -264.10      -2053.3      -966.04    
  353.9455075       1.0000       0.0000       0.0000       3459.4       0.0000       0.0000      1.12634E-04  -109.67      -63.429      -264.10      -2046.9      -975.34    
  354.0000000       1.0000       0.0000       0.0000       3459.2       0.0000       0.0000      1.03977E-04  -108.96      -63.509      -264.10      -2046.2      -976.44    
  354.0000000       1.0000       0.0000       0.0000       3459.2       0.0000       0.0000      1.03977E-04  -108.97      -63.509      -264.10      -2046.2      -976.44    
  354.0046236       1.0000       0.0000       0.0000       1880.4       0.0000       0.0000      1.03243E-04   243.24      -63.389      -259.86      -1821.6      -933.35    
  354.0092473       1.0000       0.0000       0.0000       401.29       0.0000       0.0000      1.02508E-04   594.01      -63.155      -251.82      -1599.4      -890.88    
  354.0134993       1.0000       0.0000       0.0000       0.0000       0.0000       0.0000      1.01833E-04   719.62      -62.919      -243.71      -1522.0      -876.44    
  354.0183215       1.0000       0.0000       0.0000       0.0000       0.0000       0.0000      1.01067E-04   764.09      -62.662      -234.89      -1496.8      -872.22    
  354.0235096       1.0000       0.0000       0.0000       0.0000       0.0000       0.0000      1.00243E-04   808.77      -62.398      -225.82      -1471.1      -868.06    
  354.0295705       1.0000       0.0000       0.0000       0.0000       0.0000       0.0000      9.92799E-05   857.07      -62.106      -215.77      -1442.0      -863.65    
  354.0367403       1.0000       0.0000       0.0000       0.0000       0.0000       0.0000      9.81409E-05   909.31      -61.781      -204.57      -1409.3      -859.01    
  354.0460314       1.0000       0.0000       0.0000       0.0000       0.0000       0.0000      9.66650E-05   969.83      -61.392      -191.11      -1370.8      -853.84    
  354.0614145       1.0000       0.0000       0.0000       0.0000       0.0000       0.0000      9.42214E-05   1054.4      -60.821      -171.30      -1315.9      -847.14    
  354.0775514       1.0000       0.0000       0.0000       0.0000       0.0000       0.0000      9.16579E-05   1129.2      -60.288      -152.81      -1266.3      -841.76    
  354.0952474       1.0000       0.0000       0.0000       0.0000       0.0000       0.0000      8.88469E-05   1199.6      -59.771      -134.92      -1219.8      -837.40    
  354.1127748       1.0000       0.0000       0.0000       0.0000       0.0000       0.0000      8.60625E-05   1251.6      -59.315      -119.06      -1180.4      -834.33    
  354.1321040       1.0000       0.0000       0.0000       518.66       0.0000       0.0000      8.29920E-05   1170.9      -59.029      -108.81      -1226.1      -847.77    
  354.1528446       1.0000       0.0000       0.0000       1675.9       0.0000       0.0000      7.96973E-05   906.43      -59.133      -111.54      -1391.0      -883.66    
  354.1760775       1.0000       0.0000       0.0000       2332.6       0.0000       0.0000      7.60067E-05   726.04      -59.466      -121.83      -1506.9      -909.70    
  354.2020327       1.0000       0.0000       0.0000       2369.4       0.0000       0.0000      7.19423E-05   682.19      -59.795      -131.85      -1539.0      -919.00    
  354.2319561       1.0000       0.0000       0.0000       2045.1       0.0000       0.0000      6.80531E-05   735.42      -59.964      -136.42      -1509.1      -916.01    
  354.2669690       1.0000       0.0000       0.0000       1749.1       0.0000       0.0000      6.35024E-05   800.28      -59.976      -135.53      -1469.2      -911.11    
  354.3090002       1.0000       0.0000       0.0000       1677.3       0.0000       0.0000      5.80395E-05   820.64      -59.946      -133.02      -1455.9      -911.39    
  354.3607550       1.0000       0.0000       0.0000       1746.6       0.0000       0.0000      5.13129E-05   804.27      -59.968      -131.88      -1465.8      -916.06    
  354.4273817       1.0000       0.0000       0.0000       1811.7       0.0000       0.0000      4.34441E-05   782.77      -60.044      -132.01      -1479.2      -921.16    
  354.5171632       1.0000       0.0000       0.0000       1846.5       0.0000       0.0000      3.43682E-05   763.48      -60.148      -132.23      -1489.6      -925.38    
  354.6460732       1.0000       0.0000       0.0000       1888.0       0.0000       0.0000      2.26675E-05   736.21      -60.289      -132.26      -1501.9      -929.53    
  354.8495059       1.0000       0.0000       0.0000       1952.8       0.0000       0.0000      9.40824E-06   693.13      -60.509      -132.26      -1519.0      -934.15    
  355.0000000       1.0000       0.0000       0.0000       1994.3       0.0000       0.0000      2.88826E-06   665.36      -60.673      -132.27      -1529.8      -936.86    
  355.0000000       1.0000       0.0000       0.0000       1994.3       0.0000       0.0000      2.88826E-06   665.36      -60.673      -132.27      -1529.8      -936.86    
  355.0034017       1.0000       0.0000       0.0000       1995.3       0.0000       0.0000      2.83913E-06   664.73      -60.677      -132.27      -1530.0      -936.92    
  355.0068033       1.0000       0.0000       0.0000       1996.2       0.0000       0.0000      2.79001E-06   664.10      -60.681      -132.28      -1530.3      -936.98    
  355.0136066       1.0000       0.0000       0.0000       1998.0       0.0000       0.0000      2.69176E-06   662.84      -60.688      -132.28      -1530.7      -937.10    
  355.0272133       1.0000       0.0000       0.0000       2001.7       0.0000       0.0000      2.49526E-06   660.34      -60.703      -132.28      -1531.7      -937.34    
  355.0544265       1.0000       0.0000       0.0000       2009.0       0.0000       0.0000      2.10227E-06   655.37      -60.732      -132.28      -1533.5      -937.79    
  355.1088531       1.0000       0.0000       0.0000       2023.3       0.0000       0.0000      1.31628E-06   645.49      -60.783      -132.28      -1537.1      -938.65    
  355.2177062       1.0000       0.0000       0.0000       2050.5       0.0000       0.0000       0.0000       626.38      -60.880      -132.28      -1543.6      -940.15    
  355.4354123       1.0000       0.0000       0.0000       2100.6       0.0000       0.0000       0.0000       590.22      -61.074      -132.29      -1554.7      -942.78    
  355.8708247       1.0000       0.0000       0.0000       2186.6       0.0000       0.0000       0.0000       526.75      -61.460      -132.30      -1572.0      -947.57    
  356.0000000       1.0000       0.0000       0.0000       2211.2       0.0000       0.0000       0.0000       508.48      -61.575      -132.31      -1576.8      -948.97    
  356.0000000       1.0000       0.0000       0.0000       2211.2       0.0000       0.0000       0.0000       508.48      -61.575      -132.31      -1576.8      -948.97    
  356.3483299       1.0000       0.0000       0.0000       2270.2       0.0000       0.0000       0.0000       464.48      -61.885      -132.31      -1587.7      -952.74    
  356.6966597       1.0000       0.0000       0.0000       2323.2       0.0000       0.0000       0.0000       425.13      -62.194      -132.32      -1597.2      -956.52    
  357.0000000       1.0000       0.0000       0.0000       2365.2       0.0000       0.0000       0.0000       394.12      -62.463      -132.33      -1604.7      -959.85    
  357.0000000       1.0000       0.0000       0.0000       2365.2       0.0000       0.0000       0.0000       394.12      -62.463      -132.33      -1604.7      -959.85    
  357.2786639       1.0000       0.0000       0.0000       2399.9       0.0000       0.0000       0.0000       368.32      -62.669      -132.33      -1610.6      -962.64    
  357.5573278       1.0000       0.0000       0.0000       2431.8       0.0000       0.0000       0.0000       344.85      -62.862      -132.33      -1616.2      -965.22    
  358.0000000       1.0000       0.0000       0.0000       2476.7       0.0000       0.0000       0.0000       312.60      -63.167      -132.34      -1624.6      -969.13    
  358.0000000       1.0000       0.0000       0.0000       2476.7       0.0000       0.0000       0.0000       312.60      -63.167      -132.34      -1624.6      -969.13    
  358.2229311       1.0000       0.0000       0.0000       2498.0       0.0000       0.0000       0.0000       297.51      -63.321      -132.34      -1628.8      -971.08    
  358.4458622       1.0000       0.0000       0.0000       2518.2       0.0000       0.0000       0.0000       283.50      -63.485      -132.34      -1632.8      -973.04    
  358.4664365       1.0000       0.0000       0.0000       2520.1       0.0000       0.0000       0.0000       282.22      -63.501      -132.34      -1633.2      -973.22    
  358.5075852       1.0000       0.0000       0.0000       2523.7       0.0000       0.0000       0.0000       279.66      -63.532      -132.34      -1633.9      -973.58    
  358.5075852       1.0000       0.0000       0.0000       2523.7       0.0000       0.0000       0.0000       279.66      -63.532      -132.34      -1633.9      -973.58    
  358.6859301       1.0000       0.0000       0.0000       2539.0       0.0000       0.0000       0.0000       269.33      -63.666      -132.34      -1637.1      -975.17    
  358.8642750       1.0000       0.0000       0.0000       2553.6       0.0000       0.0000       0.0000       259.58      -63.797      -132.35      -1640.3      -976.77    
  359.0000000       1.0000       0.0000       0.0000       2564.4       0.0000       0.0000       0.0000       252.48      -63.896      -132.35      -1642.6      -977.99    
  359.0000000       1.0000       0.0000       0.0000       2564.4       0.0000       0.0000       0.0000       252.48      -63.896      -132.35      -1642.6      -977.99    
  359.1426759       1.0000       0.0000       0.0000       2575.3       0.0000       0.0000       0.0000       245.37      -63.992      -132.35      -1645.1      -979.24    
  359.2853518       1.0000       0.0000       0.0000       2585.9       0.0000       0.0000       0.0000       238.57      -64.079      -132.35      -1647.6      -980.45    
  359.5707036       1.0000       0.0000       0.0000       2605.7       0.0000       0.0000       0.0000       226.12      -64.252      -132.35      -1652.5      -982.76    
  360.0000000       1.0000       0.0000       0.0000       2633.1       0.0000       0.0000       0.0000       209.58      -64.506      -132.35      -1659.7      -986.12    
