#      time         order        pmv_1        ppd_1     
  336.0000000       1.0000       0.0000       0.0000    
  336.0277111       1.0000       0.0000       0.0000    
  336.0554222       1.0000       0.0000       0.0000    
  336.0682198       1.0000       0.0000       0.0000    
  336.0682198       1.0000       0.0000       0.0000    
  336.0903887       1.0000       0.0000       0.0000    
  336.1125575       1.0000       0.0000       0.0000    
  336.1568953       1.0000       0.0000       0.0000    
  336.2455708       1.0000       0.0000       0.0000    
  336.4229219       1.0000       0.0000       0.0000    
  336.7776240       1.0000       0.0000       0.0000    
  337.0000000       1.0000       0.0000       0.0000    
  337.0000000       1.0000       0.0000       0.0000    
  337.2837617       1.0000       0.0000       0.0000    
  337.5675234       1.0000       0.0000       0.0000    
  338.0000000       1.0000       0.0000       0.0000    
  338.0000000       1.0000       0.0000       0.0000    
  338.2270094       1.0000       0.0000       0.0000    
  338.4540187       1.0000       0.0000       0.0000    
  338.9080375       1.0000       0.0000       0.0000    
  339.0000000       1.0000       0.0000       0.0000    
  339.0000000       1.0000       0.0000       0.0000    
  339.3632150       1.0000       0.0000       0.0000    
  339.7264300       1.0000       0.0000       0.0000    
  340.0000000       1.0000       0.0000       0.0000    
  340.0000000       1.0000       0.0000       0.0000    
  340.2001218       1.0000       0.0000       0.0000    
  340.4002436       1.0000       0.0000       0.0000    
  340.4264857       1.0000       0.0000       0.0000    
  340.4789699       1.0000       0.0000       0.0000    
  340.4789699       1.0000       0.0000       0.0000    
  340.6390673       1.0000       0.0000       0.0000    
  340.7991647       1.0000       0.0000       0.0000    
  341.0000000       1.0000       0.0000       0.0000    
  341.0000000       1.0000       0.0000       0.0000    
  341.0334978       1.0000       0.0000       0.0000    
  341.0669955       1.0000       0.0000       0.0000    
  341.0986329       1.0000       0.0000       0.0000    
  341.1209903       1.0000       0.0000       0.0000    
  341.1405617       1.0000       0.0000       0.0000    
  341.1612116       1.0000       0.0000       0.0000    
  341.1798055       1.0000       0.0000       0.0000    
  341.1984890       1.0000       0.0000       0.0000    
  341.2164927       1.0000       0.0000       0.0000    
  341.2347019       1.0000       0.0000       0.0000    
  341.2529417       1.0000       0.0000       0.0000    
  341.2719537       1.0000       0.0000       0.0000    
  341.2926427       1.0000       0.0000       0.0000    
  341.3153501       1.0000       0.0000       0.0000    
  341.3408346       1.0000       0.0000       0.0000    
  341.3695986       1.0000       0.0000       0.0000    
  341.4029150       1.0000       0.0000       0.0000    
  341.4420061       1.0000       0.0000       0.0000    
  341.4891999       1.0000       0.0000       0.0000    
  341.5478014       1.0000       0.0000       0.0000    
  341.6239840       1.0000       0.0000       0.0000    
  341.7273979       1.0000       0.0000       0.0000    
  341.8824781       1.0000     -0.97607       25.123    
  342.0000000       1.0000     -0.97127       24.926    
  342.0000000       1.0000     -0.97369       25.025    
  342.0253099       1.0000     -0.97371       25.026    
  342.0506198       1.0000     -0.97372       25.026    
  342.1012396       1.0000     -0.97375       25.028    
  342.2024792       1.0000     -0.97380       25.029    
  342.4049584       1.0000     -0.97379       25.029    
  342.8099168       1.0000     -0.97352       25.018    
  343.0000000       1.0000     -0.97339       25.013    
  343.0000000       1.0000     -0.97339       25.013    
  343.0343974       1.0000     -0.67610       14.607    
  343.0687947       1.0000     -0.61013       12.808    
  343.1011975       1.0000     -0.63885       13.568    
  343.1334790       1.0000     -0.68382       14.830    
  343.1755055       1.0000     -0.70829       15.553    
  343.2407045       1.0000     -0.70460       15.442    
  343.3212849       1.0000     -0.69745       15.229    
  343.4507502       1.0000     -0.69427       15.136    
  343.6548670       1.0000     -0.69133       15.049    
  344.0000000       1.0000     -0.68685       14.918    
  344.0000000       1.0000     -0.68685       14.918    
  344.0275179       1.0000     -0.68650       14.908    
  344.0550358       1.0000     -0.68615       14.897    
  344.1100716       1.0000     -0.68547       14.878    
  344.2201431       1.0000     -0.68417       14.840    
  344.4402862       1.0000     -0.68186       14.773    
  344.8805725       1.0000     -0.67803       14.662    
  345.0000000       1.0000     -0.67705       14.634    
  345.0000000       1.0000     -0.67705       14.634    
  345.3522290       1.0000     -0.67452       14.562    
  345.7044580       1.0000     -0.67231       14.498    
  346.0000000       1.0000     -0.67064       14.451    
  346.0000000       1.0000     -0.67064       14.451    
  346.2817832       1.0000     -0.66919       14.409    
  346.5635664       1.0000     -0.66795       14.374    
  347.0000000       1.0000     -0.66629       14.327    
  347.0000000       1.0000     -0.66629       14.327    
  347.2254266       1.0000     -0.66549       14.305    
  347.4508531       1.0000     -0.66473       14.283    
  347.9017062       1.0000     -0.66335       14.244    
  348.0000000       1.0000     -0.66305       14.236    
  348.0000000       1.0000     -0.66305       14.236    
  348.3606825       1.0000     -0.66205       14.208    
  348.7213650       1.0000     -0.66110       14.181    
  349.0000000       1.0000     -0.66040       14.162    
  349.0000000       1.0000     -0.66040       14.162    
  349.2885460       1.0000     -0.65971       14.142    
  349.5770920       1.0000     -0.65906       14.124    
  350.0000000       1.0000     -0.65814       14.098    
  350.0000000       1.0000     -0.65814       14.098    
  350.2308368       1.0000     -0.65766       14.085    
  350.4616736       1.0000     -0.65720       14.072    
  350.9233472       1.0000     -0.65633       14.048    
  351.0000000       1.0000     -0.65618       14.044    
  351.0000000       1.0000     -0.65618       14.044    
  351.3693389       1.0000     -0.65553       14.026    
  351.7386777       1.0000     -0.65491       14.008    
  352.0000000       1.0000     -0.65448       13.997    
  352.0000000       1.0000     -0.65448       13.997    
  352.2954711       1.0000     -0.65403       13.984    
  352.5909422       1.0000     -0.65359       13.972    
  353.0000000       1.0000     -0.65302       13.956    
  353.0000000       1.0000     -0.65302       13.956    
  353.2363769       1.0000     -0.65271       13.947    
  353.4727537       1.0000     -0.65241       13.939    
  353.9455075       1.0000     -0.65186       13.924    
  354.0000000       1.0000     -0.65180       13.922    
  354.0000000       1.0000     -0.65180       13.922    
  354.0046236       1.0000     -0.71071       15.626    
  354.0092473       1.0000     -0.77315       17.595    
  354.0134993       1.0000     -0.79893       18.457    
  354.0183215       1.0000     -0.81156       18.889    
  354.0235096       1.0000     -0.82468       19.346    
  354.0295705       1.0000     -0.83941       19.866    
  354.0367403       1.0000     -0.85602       20.464    
  354.0460314       1.0000     -0.87630       21.211    
  354.0614145       1.0000     -0.90691       22.369    
  354.0775514       1.0000     -0.93634       23.517    
  354.0952474       1.0000     -0.96583       24.703    
  354.1127748       1.0000     -0.99268       25.812    
  354.1321040       1.0000     -0.98859       25.642    
  354.1528446       1.0000     -0.93719       23.551    
  354.1760775       1.0000     -0.89642       21.967    
  354.2020327       1.0000     -0.88129       21.397    
  354.2319561       1.0000     -0.88848       21.667    
  354.2669690       1.0000     -0.90302       22.219    
  354.3090002       1.0000     -0.91156       22.548    
  354.3607550       1.0000     -0.91278       22.595    
  354.4273817       1.0000     -0.91272       22.593    
  354.5171632       1.0000     -0.91444       22.659    
  354.6460732       1.0000     -0.91725       22.768    
  354.8495059       1.0000     -0.92096       22.913    
  355.0000000       1.0000     -0.92364       23.017    
  355.0000000       1.0000     -0.92364       23.017    
  355.0034017       1.0000     -0.92370       23.019    
  355.0068033       1.0000     -0.92376       23.022    
  355.0136066       1.0000     -0.92388       23.027    
  355.0272133       1.0000     -0.92412       23.036    
  355.0544265       1.0000     -0.92459       23.054    
  355.1088531       1.0000     -0.92551       23.090    
  355.2177062       1.0000       0.0000       0.0000    
  355.4354123       1.0000       0.0000       0.0000    
  355.8708247       1.0000       0.0000       0.0000    
  356.0000000       1.0000       0.0000       0.0000    
  356.0000000       1.0000       0.0000       0.0000    
  356.3483299       1.0000       0.0000       0.0000    
  356.6966597       1.0000       0.0000       0.0000    
  357.0000000       1.0000       0.0000       0.0000    
  357.0000000       1.0000       0.0000       0.0000    
  357.2786639       1.0000       0.0000       0.0000    
  357.5573278       1.0000       0.0000       0.0000    
  358.0000000       1.0000       0.0000       0.0000    
  358.0000000       1.0000       0.0000       0.0000    
  358.2229311       1.0000       0.0000       0.0000    
  358.4458622       1.0000       0.0000       0.0000    
  358.4664365       1.0000       0.0000       0.0000    
  358.5075852       1.0000       0.0000       0.0000    
  358.5075852       1.0000       0.0000       0.0000    
  358.6859301       1.0000       0.0000       0.0000    
  358.8642750       1.0000       0.0000       0.0000    
  359.0000000       1.0000       0.0000       0.0000    
  359.0000000       1.0000       0.0000       0.0000    
  359.1426759       1.0000       0.0000       0.0000    
  359.2853518       1.0000       0.0000       0.0000    
  359.5707036       1.0000       0.0000       0.0000    
  360.0000000       1.0000       0.0000       0.0000    
