#      time         order        q_cool       q_equip      q_heat       q_light      q_loss       q_occ        qintw        ql_a         qventil      qwcb         qwind     
  336.0000000       1.0000       0.0000       0.0000       1638.3       0.0000       0.0000       0.0000       232.53      -64.509      -132.35      -1578.6      -95.429    
  336.0277111       1.0000       0.0000       0.0000       1640.0       0.0000       0.0000       0.0000       231.27      -64.526      -132.35      -1578.9      -95.450    
  336.0554222       1.0000       0.0000       0.0000       1641.7       0.0000       0.0000       0.0000       230.03      -64.543      -132.35      -1579.3      -95.471    
  336.0682198       1.0000       0.0000       0.0000       1642.4       0.0000       0.0000       0.0000       229.46      -64.550      -132.35      -1579.5      -95.480    
  336.0682198       1.0000       0.0000       0.0000       1642.4       0.0000       0.0000       0.0000       229.46      -64.550      -132.35      -1579.5      -95.480    
  336.0903887       1.0000       0.0000       0.0000       1643.8       0.0000       0.0000       0.0000       228.47      -64.559      -132.35      -1579.8      -95.496    
  336.1125575       1.0000       0.0000       0.0000       1645.1       0.0000       0.0000       0.0000       227.50      -64.567      -132.35      -1580.1      -95.512    
  336.1568953       1.0000       0.0000       0.0000       1647.7       0.0000       0.0000       0.0000       225.58      -64.584      -132.35      -1580.8      -95.542    
  336.2455708       1.0000       0.0000       0.0000       1652.8       0.0000       0.0000       0.0000       221.79      -64.618      -132.35      -1582.0      -95.601    
  336.4229219       1.0000       0.0000       0.0000       1662.6       0.0000       0.0000       0.0000       214.70      -64.685      -132.35      -1584.6      -95.702    
  336.7776240       1.0000       0.0000       0.0000       1681.0       0.0000       0.0000       0.0000       201.87      -64.822      -132.36      -1589.8      -95.886    
  337.0000000       1.0000       0.0000       0.0000       1692.0       0.0000       0.0000       0.0000       194.34      -64.908      -132.36      -1593.1      -95.997    
  337.0000000       1.0000       0.0000       0.0000       1692.0       0.0000       0.0000       0.0000       194.34      -64.908      -132.36      -1593.1      -95.997    
  337.2837617       1.0000       0.0000       0.0000       1705.4       0.0000       0.0000       0.0000       185.46      -64.994      -132.36      -1597.3      -96.122    
  337.5675234       1.0000       0.0000       0.0000       1718.0       0.0000       0.0000       0.0000       177.23      -65.075      -132.36      -1601.6      -96.235    
  338.0000000       1.0000       0.0000       0.0000       1736.1       0.0000       0.0000       0.0000       165.99      -65.198      -132.36      -1608.1      -96.395    
  338.0000000       1.0000       0.0000       0.0000       1736.1       0.0000       0.0000       0.0000       165.99      -65.198      -132.36      -1608.1      -96.395    
  338.2270094       1.0000       0.0000       0.0000       1745.2       0.0000       0.0000       0.0000       160.42      -65.264      -132.36      -1611.6      -96.477    
  338.4540187       1.0000       0.0000       0.0000       1754.1       0.0000       0.0000       0.0000       155.15      -65.329      -132.36      -1615.0      -96.559    
  338.9080375       1.0000       0.0000       0.0000       1770.7       0.0000       0.0000       0.0000       145.67      -65.461      -132.36      -1621.8      -96.722    
  339.0000000       1.0000       0.0000       0.0000       1774.0       0.0000       0.0000       0.0000       143.79      -65.488      -132.36      -1623.2      -96.755    
  339.0000000       1.0000       0.0000       0.0000       1774.0       0.0000       0.0000       0.0000       143.79      -65.488      -132.36      -1623.2      -96.755    
  339.3632150       1.0000       0.0000       0.0000       1786.5       0.0000       0.0000       0.0000       136.95      -65.562      -132.36      -1628.7      -96.864    
  339.7264300       1.0000       0.0000       0.0000       1798.4       0.0000       0.0000       0.0000       130.63      -65.630      -132.36      -1634.1      -96.958    
  340.0000000       1.0000       0.0000       0.0000       1807.0       0.0000       0.0000       0.0000       126.14      -65.682      -132.36      -1638.1      -97.025    
  340.0000000       1.0000       0.0000       0.0000       1807.0       0.0000       0.0000       0.0000       126.14      -65.682      -132.36      -1638.1      -97.025    
  340.2001218       1.0000       0.0000       0.0000       1813.1       0.0000       0.0000       0.0000       123.00      -65.663      -132.36      -1641.1      -97.044    
  340.4002436       1.0000       0.0000       0.0000       1819.0       0.0000       0.0000       0.0000       120.00      -65.616      -132.36      -1644.0      -97.032    
  340.4264857       1.0000       0.0000       0.0000       1819.7       0.0000       0.0000       0.0000       119.61      -65.610      -132.36      -1644.3      -97.030    
  340.4789699       1.0000       0.0000       0.0000       1821.3       0.0000       0.0000       0.0000       118.83      -65.598      -132.36      -1645.1      -97.025    
  340.4789699       1.0000       0.0000       0.0000       1821.3       0.0000       0.0000       0.0000       118.83      -65.598      -132.36      -1645.1      -97.025    
  340.6390673       1.0000       0.0000       0.0000       1825.8       0.0000       0.0000       0.0000       116.54      -65.562      -132.36      -1647.4      -96.995    
  340.7991647       1.0000       0.0000       0.0000       1830.3       0.0000       0.0000       0.0000       114.32      -65.526      -132.36      -1649.7      -96.958    
  341.0000000       1.0000       0.0000       0.0000       1835.7       0.0000       0.0000       0.0000       111.63      -65.482      -132.36      -1652.6      -96.906    
  341.0000000       1.0000       0.0000       0.0000       1835.7       0.0000       0.0000       0.0000       111.63      -65.482      -132.36      -1652.6      -96.906    
  341.0334978       1.0000       0.0000       0.0000       1836.6       0.0000       0.0000       0.0000       111.18      -65.475      -132.36      -1653.0      -96.897    
  341.0669955       1.0000       0.0000       0.0000       1837.5       0.0000       0.0000       0.0000       110.74      -65.468      -132.36      -1653.5      -96.888    
  341.0986329       1.0000       0.0000       0.0000       1838.3       0.0000       0.0000       0.0000       110.32      -65.444      -132.36      -1654.0      -96.876    
  341.1209903       1.0000       0.0000       0.0000       1838.9       0.0000       0.0000       0.0000       110.03      -65.427      -132.37      -1654.3      -96.867    
  341.1405617       1.0000       0.0000       0.0000       1839.4       0.0000       0.0000       0.0000       109.78      -65.413      -132.37      -1654.6      -96.859    
  341.1612116       1.0000       0.0000       0.0000       1839.9       0.0000       0.0000       0.0000       109.52      -65.397      -132.37      -1654.8      -96.850    
  341.1798055       1.0000       0.0000       0.0000       1840.4       0.0000       0.0000       0.0000       109.28      -65.383      -132.37      -1655.1      -96.842    
  341.1984890       1.0000       0.0000       0.0000       1840.9       0.0000       0.0000       0.0000       109.05      -65.369      -132.37      -1655.4      -96.833    
  341.2164927       1.0000       0.0000       0.0000       1841.3       0.0000       0.0000       0.0000       108.82      -65.355      -132.37      -1655.6      -96.823    
  341.2347019       1.0000       0.0000       0.0000       1841.8       0.0000       0.0000       0.0000       108.59      -65.341      -132.37      -1655.9      -96.814    
  341.2529417       1.0000       0.0000       0.0000       1842.3       0.0000       0.0000       0.0000       108.36      -65.328      -132.37      -1656.1      -96.803    
  341.2719537       1.0000       0.0000       0.0000       1842.7       0.0000       0.0000       0.0000       108.12      -65.313      -132.37      -1656.4      -96.792    
  341.2926427       1.0000       0.0000       0.0000       1843.3       0.0000       0.0000       0.0000       107.86      -65.298      -132.37      -1656.7      -96.780    
  341.3153501       1.0000       0.0000       0.0000       1843.8       0.0000       0.0000       0.0000       107.58      -65.281      -132.37      -1657.0      -96.765    
  341.3408346       1.0000       0.0000       0.0000       1844.5       0.0000       0.0000       0.0000       107.26      -65.262      -132.37      -1657.3      -96.748    
  341.3695986       1.0000       0.0000       0.0000       1845.2       0.0000       0.0000       0.0000       106.91      -65.241      -132.37      -1657.7      -96.728    
  341.4029150       1.0000       0.0000       0.0000       1846.0       0.0000       0.0000       0.0000       106.50      -65.216      -132.37      -1658.2      -96.704    
  341.4420061       1.0000       0.0000       0.0000       1846.9       0.0000       0.0000       0.0000       106.02      -65.187      -132.37      -1658.7      -96.674    
  341.4891999       1.0000       0.0000       0.0000       1848.1       0.0000       0.0000       0.0000       105.45      -65.152      -132.37      -1659.4      -96.637    
  341.5478014       1.0000       0.0000       0.0000       1849.5       0.0000       0.0000       0.0000       104.74      -65.109      -132.37      -1660.2      -96.589    
  341.6239840       1.0000       0.0000       0.0000       1851.3       0.0000       0.0000       0.0000       103.84      -65.053      -132.37      -1661.2      -96.524    
  341.7273979       1.0000       0.0000       0.0000       1853.8       0.0000       0.0000       0.0000       102.63      -64.978      -132.37      -1662.6      -96.432    
  341.8824781       1.0000       0.0000       0.0000       1857.3       0.0000       0.0000      1.18771E-06   100.86      -64.866      -132.37      -1664.7      -96.290    
  342.0000000       1.0000       0.0000       0.0000       1860.0       0.0000       0.0000      2.88696E-06   99.543      -64.782      -132.37      -1666.2      -96.181    
  342.0000000       1.0000       0.0000       0.0000       1860.0       0.0000       0.0000      2.88375E-06   99.543      -64.782      -132.37      -1666.2      -96.181    
  342.0253099       1.0000       0.0000       0.0000       1860.6       0.0000       0.0000      3.97859E-06   99.260      -64.763      -132.37      -1666.5      -96.157    
  342.0506198       1.0000       0.0000       0.0000       1861.1       0.0000       0.0000      5.07346E-06   98.978      -64.745      -132.37      -1666.9      -96.134    
  342.1012396       1.0000       0.0000       0.0000       1862.2       0.0000       0.0000      7.26326E-06   98.427      -64.673      -132.37      -1667.5      -96.079    
  342.2024792       1.0000       0.0000       0.0000       1864.3       0.0000       0.0000      1.17147E-05   97.359      -64.490      -132.37      -1668.8      -95.946    
  342.4049584       1.0000       0.0000       0.0000       1868.1       0.0000       0.0000      2.64599E-05   95.283      -64.131      -132.37      -1671.3      -95.593    
  342.8099168       1.0000       0.0000       0.0000       1875.3       0.0000       0.0000      7.37079E-05   91.246      -63.422      -132.37      -1676.0      -94.757    
  343.0000000       1.0000       0.0000       0.0000       1878.6       0.0000       0.0000      1.03890E-04   89.389      -63.106      -132.37      -1678.1      -94.347    
  343.0000000       1.0000       0.0000       0.0000       1878.6       0.0000       0.0000      1.03890E-04   89.388      -63.106      -132.37      -1678.1      -94.347    
  343.0343974       1.0000       0.0000       0.0000       6773.2       0.0000       0.0000      1.09332E-04  -1658.2      -65.399      -210.97      -2350.7      -110.15    
  343.0687947       1.0000       0.0000       0.0000       6503.2       0.0000       0.0000      1.14789E-04  -1918.0      -67.020      -267.03      -2443.7      -111.49    
  343.1011975       1.0000       0.0000       0.0000       4863.6       0.0000       0.0000      1.19962E-04  -1583.5      -67.440      -282.99      -2309.9      -107.27    
  343.1334790       1.0000       0.0000       0.0000       3688.5       0.0000       0.0000      1.25090E-04  -1234.0      -67.225      -277.69      -2177.3      -103.24    
  343.1755055       1.0000       0.0000       0.0000       3356.5       0.0000       0.0000      1.31765E-04  -1065.6      -66.833      -267.05      -2119.5      -101.13    
  343.2407045       1.0000       0.0000       0.0000       3568.1       0.0000       0.0000      1.40946E-04  -1073.1      -66.594      -262.88      -2131.3      -100.69    
  343.3212849       1.0000       0.0000       0.0000       3659.3       0.0000       0.0000      1.51420E-04  -1077.0      -66.475      -263.67      -2141.6      -100.29    
  343.4507502       1.0000       0.0000       0.0000       3598.6       0.0000       0.0000      1.66784E-04  -1027.6      -66.262      -264.27      -2136.2      -99.453    
  343.6548670       1.0000       0.0000       0.0000       3505.8       0.0000       0.0000      1.85840E-04  -949.90      -65.895      -264.27      -2127.2      -98.530    
  344.0000000       1.0000       0.0000       0.0000       3385.5       0.0000       0.0000      2.05000E-04  -840.87      -65.266      -264.23      -2117.7      -97.478    
  344.0000000       1.0000       0.0000       0.0000       3385.5       0.0000       0.0000      2.05000E-04  -840.87      -65.266      -264.23      -2117.7      -97.478    
  344.0275179       1.0000       0.0000       0.0000       3376.1       0.0000       0.0000      2.05399E-04  -832.37      -65.216      -264.22      -2117.0      -97.397    
  344.0550358       1.0000       0.0000       0.0000       3366.9       0.0000       0.0000      2.05798E-04  -824.00      -65.166      -264.22      -2116.3      -97.319    
  344.1100716       1.0000       0.0000       0.0000       3349.2       0.0000       0.0000      2.06596E-04  -807.72      -65.073      -264.22      -2115.1      -97.171    
  344.2201431       1.0000       0.0000       0.0000       3315.4       0.0000       0.0000      2.07900E-04  -776.66      -64.894      -264.21      -2112.8      -96.898    
  344.4402862       1.0000       0.0000       0.0000       3255.1       0.0000       0.0000      2.07910E-04  -721.04      -64.532      -264.20      -2109.0      -96.405    
  344.8805725       1.0000       0.0000       0.0000       3155.5       0.0000       0.0000      2.07924E-04  -629.21      -63.804      -264.18      -2102.9      -95.478    
  345.0000000       1.0000       0.0000       0.0000       3130.1       0.0000       0.0000      2.07928E-04  -605.78      -63.607      -264.18      -2101.3      -95.230    
  345.0000000       1.0000       0.0000       0.0000       3130.1       0.0000       0.0000      2.07928E-04  -605.78      -63.607      -264.18      -2101.3      -95.230    
  345.3522290       1.0000       0.0000       0.0000       3063.3       0.0000       0.0000      2.07935E-04  -544.90      -63.078      -264.17      -2096.6      -94.539    
  345.7044580       1.0000       0.0000       0.0000       3001.6       0.0000       0.0000      2.07940E-04  -489.63      -62.561      -264.16      -2091.4      -93.868    
  346.0000000       1.0000       0.0000       0.0000       2955.9       0.0000       0.0000      2.07943E-04  -449.27      -62.126      -264.15      -2087.0      -93.315    
  346.0000000       1.0000       0.0000       0.0000       2955.9       0.0000       0.0000      2.07943E-04  -449.27      -62.126      -264.15      -2087.0      -93.315    
  346.2817832       1.0000       0.0000       0.0000       2917.1       0.0000       0.0000      2.07946E-04  -415.46      -61.816      -264.15      -2082.8      -92.860    
  346.5635664       1.0000       0.0000       0.0000       2882.2       0.0000       0.0000      2.07948E-04  -385.61      -61.540      -264.14      -2078.5      -92.463    
  347.0000000       1.0000       0.0000       0.0000       2835.4       0.0000       0.0000      2.07950E-04  -346.88      -61.111      -264.14      -2071.4      -91.901    
  347.0000000       1.0000       0.0000       0.0000       2835.4       0.0000       0.0000      2.07950E-04  -346.88      -61.111      -264.14      -2071.4      -91.901    
  347.2254266       1.0000       0.0000       0.0000       2813.1       0.0000       0.0000      2.07951E-04  -328.68      -60.920      -264.13      -2067.7      -91.636    
  347.4508531       1.0000       0.0000       0.0000       2792.3       0.0000       0.0000      2.07952E-04  -312.06      -60.743      -264.13      -2063.9      -91.392    
  347.9017062       1.0000       0.0000       0.0000       2755.4       0.0000       0.0000      2.07953E-04  -283.86      -60.388      -264.13      -2056.1      -90.937    
  348.0000000       1.0000       0.0000       0.0000       2747.6       0.0000       0.0000      2.07953E-04  -277.94      -60.310      -264.13      -2054.4      -90.839    
  348.0000000       1.0000       0.0000       0.0000       2747.6       0.0000       0.0000      2.07953E-04  -277.94      -60.310      -264.13      -2054.4      -90.839    
  348.3606825       1.0000       0.0000       0.0000       2721.5       0.0000       0.0000      2.07953E-04  -258.83      -60.112      -264.12      -2047.9      -90.547    
  348.7213650       1.0000       0.0000       0.0000       2697.6       0.0000       0.0000      2.07954E-04  -241.92      -59.935      -264.12      -2041.3      -90.300    
  349.0000000       1.0000       0.0000       0.0000       2680.2       0.0000       0.0000      2.07954E-04  -229.99      -59.798      -264.12      -2036.2      -90.123    
  349.0000000       1.0000       0.0000       0.0000       2680.2       0.0000       0.0000      2.07954E-04  -229.99      -59.798      -264.12      -2036.2      -90.123    
  349.2885460       1.0000       0.0000       0.0000       2663.5       0.0000       0.0000      2.07954E-04  -218.75      -59.764      -264.12      -2030.8      -90.017    
  349.5770920       1.0000       0.0000       0.0000       2647.7       0.0000       0.0000      2.07954E-04  -208.45      -59.764      -264.12      -2025.4      -89.973    
  350.0000000       1.0000       0.0000       0.0000       2626.4       0.0000       0.0000      2.07954E-04  -195.04      -59.764      -264.11      -2017.6      -89.962    
  350.0000000       1.0000       0.0000       0.0000       2626.4       0.0000       0.0000      2.07954E-04  -195.04      -59.764      -264.11      -2017.6      -89.962    
  350.2308368       1.0000       0.0000       0.0000       2615.5       0.0000       0.0000      2.07954E-04  -188.20      -59.861      -264.11      -2013.3      -90.020    
  350.4616736       1.0000       0.0000       0.0000       2605.1       0.0000       0.0000      2.07954E-04  -181.78      -59.997      -264.11      -2009.0      -90.138    
  350.9233472       1.0000       0.0000       0.0000       2585.8       0.0000       0.0000      2.07955E-04  -170.28      -60.270      -264.11      -2000.7      -90.466    
  351.0000000       1.0000       0.0000       0.0000       2582.7       0.0000       0.0000      2.07955E-04  -168.41      -60.316      -264.11      -1999.3      -90.522    
  351.0000000       1.0000       0.0000       0.0000       2582.7       0.0000       0.0000      2.07955E-04  -168.41      -60.316      -264.11      -1999.3      -90.522    
  351.3693389       1.0000       0.0000       0.0000       2568.5       0.0000       0.0000      2.07955E-04  -160.11      -60.594      -264.11      -1992.8      -90.857    
  351.7386777       1.0000       0.0000       0.0000       2555.2       0.0000       0.0000      2.07955E-04  -152.42      -60.885      -264.11      -1986.5      -91.228    
  352.0000000       1.0000       0.0000       0.0000       2546.2       0.0000       0.0000      2.07955E-04  -147.27      -61.091      -264.11      -1982.2      -91.500    
  352.0000000       1.0000       0.0000       0.0000       2546.2       0.0000       0.0000      2.07955E-04  -147.27      -61.091      -264.11      -1982.2      -91.500    
  352.2954711       1.0000       0.0000       0.0000       2536.5       0.0000       0.0000      2.07955E-04  -141.77      -61.369      -264.11      -1977.4      -91.842    
  352.5909422       1.0000       0.0000       0.0000       2527.3       0.0000       0.0000      2.07955E-04  -136.55      -61.661      -264.11      -1972.8      -92.211    
  353.0000000       1.0000       0.0000       0.0000       2515.5       0.0000       0.0000      2.05066E-04  -129.80      -62.064      -264.11      -1966.8      -92.741    
  353.0000000       1.0000       0.0000       0.0000       2515.5       0.0000       0.0000      2.05066E-04  -129.80      -62.064      -264.11      -1966.8      -92.741    
  353.2363769       1.0000       0.0000       0.0000       2509.0       0.0000       0.0000      1.93775E-04  -126.07      -62.380      -264.11      -1963.4      -93.099    
  353.4727537       1.0000       0.0000       0.0000       2502.9       0.0000       0.0000      1.74606E-04  -122.48      -62.730      -264.11      -1960.1      -93.506    
  353.9455075       1.0000       0.0000       0.0000       2491.8       0.0000       0.0000      1.12634E-04  -115.72      -63.429      -264.10      -1954.2      -94.394    
  354.0000000       1.0000       0.0000       0.0000       2490.6       0.0000       0.0000      1.03977E-04  -115.00      -63.510      -264.10      -1953.5      -94.500    
  354.0000000       1.0000       0.0000       0.0000       2490.6       0.0000       0.0000      1.03977E-04  -115.00      -63.510      -264.10      -1953.5      -94.500    
  354.0046236       1.0000       0.0000       0.0000       912.24       0.0000       0.0000      1.03243E-04   320.79      -63.388      -259.83      -1781.5      -90.288    
  354.0092473       1.0000       0.0000       0.0000      1.12494E-02   0.0000       0.0000      1.02508E-04   597.32      -63.198      -253.25      -1673.4      -87.655    
  354.0134993       1.0000       0.0000       0.0000       0.0000       0.0000       0.0000      1.01833E-04   632.13      -63.030      -247.43      -1661.1      -87.385    
  354.0183215       1.0000       0.0000       0.0000       0.0000       0.0000       0.0000      1.01067E-04   669.27      -62.847      -241.08      -1647.7      -87.102    
  354.0235096       1.0000       0.0000       0.0000       0.0000       0.0000       0.0000      1.00243E-04   706.70      -62.659      -234.54      -1633.9      -86.821    
  354.0295705       1.0000       0.0000       0.0000       0.0000       0.0000       0.0000      9.92799E-05   747.32      -62.450      -227.28      -1618.5      -86.523    
  354.0367403       1.0000       0.0000       0.0000       0.0000       0.0000       0.0000      9.81410E-05   791.42      -62.218      -219.17      -1601.3      -86.209    
  354.0460314       1.0000       0.0000       0.0000       0.0000       0.0000       0.0000      9.66650E-05   842.78      -61.939      -209.39      -1580.6      -85.859    
  354.0614145       1.0000       0.0000       0.0000       0.0000       0.0000       0.0000      9.42214E-05   915.00      -61.529      -194.95      -1550.4      -85.405    
  354.0775514       1.0000       0.0000       0.0000       0.0000       0.0000       0.0000      9.16579E-05   978.65      -61.145      -181.43      -1522.4      -85.041    
  354.0952474       1.0000       0.0000       0.0000       0.0000       0.0000       0.0000      8.88469E-05   1041.1      -60.773      -168.37      -1495.3      -84.747    
  354.1127748       1.0000       0.0000       0.0000       0.0000       0.0000       0.0000      8.60625E-05   1091.1      -60.447      -156.88      -1471.8      -84.545    
  354.1321040       1.0000       0.0000       0.0000       0.0000       0.0000       0.0000      8.29920E-05   1130.8      -60.130      -145.57      -1449.3      -84.404    
  354.1528446       1.0000       0.0000       0.0000       0.0000       0.0000       0.0000      7.96973E-05   1168.1      -59.831      -134.83      -1428.0      -84.316    
  354.1760775       1.0000       0.0000       0.0000       0.0000       0.0000       0.0000      7.60066E-05   1203.9      -59.541      -124.31      -1407.2      -84.281    
  354.2020327       1.0000       0.0000       0.0000       429.73       0.0000       0.0000      7.19423E-05   1099.3      -59.435      -119.85      -1443.0      -85.622    
  354.2319561       1.0000       0.0000       0.0000       1048.4       0.0000       0.0000      6.80531E-05   907.80      -59.612      -124.66      -1516.8      -87.834    
  354.2669690       1.0000       0.0000       0.0000       1167.8       0.0000       0.0000      6.35024E-05   845.60      -59.843      -131.10      -1542.1      -88.810    
  354.3090002       1.0000       0.0000       0.0000       1007.7       0.0000       0.0000      5.80395E-05   872.93      -59.969      -133.80      -1531.2      -88.882    
  354.3607550       1.0000       0.0000       0.0000       888.98       0.0000       0.0000      5.13129E-05   899.94      -60.008      -133.23      -1518.2      -88.908    
  354.4273817       1.0000       0.0000       0.0000       892.36       0.0000       0.0000      4.34441E-05   892.72      -60.054      -132.36      -1517.1      -89.234    
  354.5171632       1.0000       0.0000       0.0000       931.49       0.0000       0.0000      3.43682E-05   869.77      -60.148      -132.21      -1520.9      -89.675    
  354.6460732       1.0000       0.0000       0.0000       964.69       0.0000       0.0000      2.26675E-05   842.38      -60.289      -132.28      -1523.9      -90.096    
  354.8495059       1.0000       0.0000       0.0000       1006.1       0.0000       0.0000      9.40824E-06   803.57      -60.511      -132.30      -1526.3      -90.526    
  355.0000000       1.0000       0.0000       0.0000       1036.4       0.0000       0.0000      2.88826E-06   774.95      -60.674      -132.30      -1527.6      -90.782    
  355.0000000       1.0000       0.0000       0.0000       1036.4       0.0000       0.0000      2.88826E-06   774.94      -60.674      -132.30      -1527.6      -90.782    
  355.0034017       1.0000       0.0000       0.0000       1037.1       0.0000       0.0000      2.83913E-06   774.21      -60.678      -132.30      -1527.6      -90.788    
  355.0068033       1.0000       0.0000       0.0000       1037.8       0.0000       0.0000      2.79001E-06   773.47      -60.681      -132.30      -1527.7      -90.794    
  355.0136066       1.0000       0.0000       0.0000       1039.2       0.0000       0.0000      2.69176E-06   772.00      -60.689      -132.30      -1527.7      -90.806    
  355.0272133       1.0000       0.0000       0.0000       1042.2       0.0000       0.0000      2.49526E-06   769.02      -60.703      -132.29      -1527.9      -90.829    
  355.0544265       1.0000       0.0000       0.0000       1049.0       0.0000       0.0000      2.10227E-06   762.84      -60.732      -132.28      -1528.3      -90.875    
  355.1088531       1.0000       0.0000       0.0000       1062.8       0.0000       0.0000      1.31628E-06   750.29      -60.783      -132.28      -1529.0      -90.963    
  355.2177062       1.0000       0.0000       0.0000       1089.0       0.0000       0.0000       0.0000       725.74      -60.880      -132.29      -1530.4      -91.114    
  355.4354123       1.0000       0.0000       0.0000       1139.7       0.0000       0.0000       0.0000       678.01      -61.074      -132.29      -1533.0      -91.376    
  355.8708247       1.0000       0.0000       0.0000       1216.1       0.0000       0.0000       0.0000       605.25      -61.461      -132.31      -1535.7      -91.815    
  356.0000000       1.0000       0.0000       0.0000       1238.1       0.0000       0.0000       0.0000       584.31      -61.575      -132.31      -1536.5      -91.945    
  356.0000000       1.0000       0.0000       0.0000       1238.1       0.0000       0.0000       0.0000       584.31      -61.575      -132.31      -1536.5      -91.945    
  356.3483299       1.0000       0.0000       0.0000       1291.8       0.0000       0.0000       0.0000       533.52      -61.885      -132.32      -1538.8      -92.292    
  356.6966597       1.0000       0.0000       0.0000       1340.8       0.0000       0.0000       0.0000       487.74      -62.194      -132.32      -1541.4      -92.644    
  357.0000000       1.0000       0.0000       0.0000       1380.2       0.0000       0.0000       0.0000       451.45      -62.463      -132.33      -1543.9      -92.953    
  357.0000000       1.0000       0.0000       0.0000       1380.2       0.0000       0.0000       0.0000       451.45      -62.463      -132.33      -1543.9      -92.953    
  357.2786639       1.0000       0.0000       0.0000       1413.6       0.0000       0.0000       0.0000       420.95      -62.669      -132.33      -1546.3      -93.215    
  357.5573278       1.0000       0.0000       0.0000       1444.6       0.0000       0.0000       0.0000       393.10      -62.862      -132.34      -1549.0      -93.457    
  358.0000000       1.0000       0.0000       0.0000       1488.4       0.0000       0.0000       0.0000       354.73      -63.168      -132.34      -1553.8      -93.824    
  358.0000000       1.0000       0.0000       0.0000       1488.4       0.0000       0.0000       0.0000       354.73      -63.168      -132.34      -1553.8      -93.824    
  358.2229311       1.0000       0.0000       0.0000       1509.2       0.0000       0.0000       0.0000       336.73      -63.321      -132.34      -1556.3      -94.007    
  358.4458622       1.0000       0.0000       0.0000       1528.9       0.0000       0.0000       0.0000       320.01      -63.485      -132.34      -1558.9      -94.191    
  358.4664365       1.0000       0.0000       0.0000       1530.7       0.0000       0.0000       0.0000       318.48      -63.501      -132.34      -1559.1      -94.208    
  358.5075852       1.0000       0.0000       0.0000       1534.3       0.0000       0.0000       0.0000       315.43      -63.532      -132.34      -1559.6      -94.242    
  358.5075852       1.0000       0.0000       0.0000       1534.3       0.0000       0.0000       0.0000       315.43      -63.532      -132.34      -1559.6      -94.242    
  358.6859301       1.0000       0.0000       0.0000       1549.1       0.0000       0.0000       0.0000       303.08      -63.666      -132.35      -1561.8      -94.391    
  358.8642750       1.0000       0.0000       0.0000       1563.3       0.0000       0.0000       0.0000       291.44      -63.797      -132.35      -1564.0      -94.542    
  359.0000000       1.0000       0.0000       0.0000       1573.7       0.0000       0.0000       0.0000       282.97      -63.896      -132.35      -1565.8      -94.657    
  359.0000000       1.0000       0.0000       0.0000       1573.7       0.0000       0.0000       0.0000       282.97      -63.896      -132.35      -1565.8      -94.657    
  359.1426759       1.0000       0.0000       0.0000       1584.3       0.0000       0.0000       0.0000       274.48      -63.992      -132.35      -1567.6      -94.776    
  359.2853518       1.0000       0.0000       0.0000       1594.4       0.0000       0.0000       0.0000       266.38      -64.079      -132.35      -1569.5      -94.890    
  359.5707036       1.0000       0.0000       0.0000       1613.5       0.0000       0.0000       0.0000       251.58      -64.252      -132.35      -1573.4      -95.109    
  360.0000000       1.0000       0.0000       0.0000       1639.7       0.0000       0.0000       0.0000       232.00      -64.506      -132.35      -1579.4      -95.427    
