#      time         order        qbridges     qcdwalls2z   qdaylite     qequip2zon   qhc2zone     qlcwinds2z   qlite        qloss        qocc2zone    qterm2zone
  336.0000000       1.0000       0.0000      -1449.1       0.0000       0.0000       2632.1      -986.14       0.0000       0.0000       0.0000      -201.18    
  336.0277111       1.0000       0.0000      -1450.6       0.0000       0.0000       2633.8      -986.35       0.0000       0.0000       0.0000      -201.25    
  336.0554222       1.0000       0.0000      -1452.1       0.0000       0.0000       2635.6      -986.57       0.0000       0.0000       0.0000      -201.29    
  336.0682198       1.0000       0.0000      -1452.8       0.0000       0.0000       2636.4      -986.67       0.0000       0.0000       0.0000      -201.30    
  336.0682198       1.0000       0.0000      -1452.8       0.0000       0.0000       2636.4      -986.67       0.0000       0.0000       0.0000      -201.30    
  336.0903887       1.0000       0.0000      -1454.0       0.0000       0.0000       2637.8      -986.84       0.0000       0.0000       0.0000      -201.29    
  336.1125575       1.0000       0.0000      -1455.2       0.0000       0.0000       2639.2      -987.01       0.0000       0.0000       0.0000      -201.28    
  336.1568953       1.0000       0.0000      -1457.6       0.0000       0.0000       2641.9      -987.33       0.0000       0.0000       0.0000      -201.25    
  336.2455708       1.0000       0.0000      -1462.3       0.0000       0.0000       2647.2      -987.95       0.0000       0.0000       0.0000      -201.21    
  336.4229219       1.0000       0.0000      -1471.3       0.0000       0.0000       2657.4      -989.02       0.0000       0.0000       0.0000      -201.15    
  336.7776240       1.0000       0.0000      -1488.2       0.0000       0.0000       2676.3      -990.96       0.0000       0.0000       0.0000      -201.10    
  337.0000000       1.0000       0.0000      -1498.4       0.0000       0.0000       2687.8      -992.13       0.0000       0.0000       0.0000      -201.08    
  337.0000000       1.0000       0.0000      -1498.4       0.0000       0.0000       2687.8      -992.13       0.0000       0.0000       0.0000      -201.08    
  337.2837617       1.0000       0.0000      -1510.7       0.0000       0.0000       2701.5      -993.45       0.0000       0.0000       0.0000      -200.92    
  337.5675234       1.0000       0.0000      -1522.5       0.0000       0.0000       2714.6      -994.63       0.0000       0.0000       0.0000      -200.76    
  338.0000000       1.0000       0.0000      -1539.4       0.0000       0.0000       2733.3      -996.32       0.0000       0.0000       0.0000      -200.63    
  338.0000000       1.0000       0.0000      -1539.4       0.0000       0.0000       2733.3      -996.32       0.0000       0.0000       0.0000      -200.63    
  338.2270094       1.0000       0.0000      -1547.9       0.0000       0.0000       2742.8      -997.19       0.0000       0.0000       0.0000      -200.59    
  338.4540187       1.0000       0.0000      -1556.2       0.0000       0.0000       2752.0      -998.05       0.0000       0.0000       0.0000      -200.56    
  338.9080375       1.0000       0.0000      -1571.9       0.0000       0.0000       2769.5      -999.77       0.0000       0.0000       0.0000      -200.57    
  339.0000000       1.0000       0.0000      -1575.0       0.0000       0.0000       2773.0      -1000.1       0.0000       0.0000       0.0000      -200.57    
  339.0000000       1.0000       0.0000      -1575.0       0.0000       0.0000       2773.0      -1000.1       0.0000       0.0000       0.0000      -200.57    
  339.3632150       1.0000       0.0000      -1586.8       0.0000       0.0000       2786.0      -1001.3       0.0000       0.0000       0.0000      -200.39    
  339.7264300       1.0000       0.0000      -1598.2       0.0000       0.0000       2798.4      -1002.3       0.0000       0.0000       0.0000      -200.23    
  340.0000000       1.0000       0.0000      -1606.5       0.0000       0.0000       2807.5      -1003.0       0.0000       0.0000       0.0000      -200.15    
  340.0000000       1.0000       0.0000      -1606.5       0.0000       0.0000       2807.5      -1003.0       0.0000       0.0000       0.0000      -200.15    
  340.2001218       1.0000       0.0000      -1612.4       0.0000       0.0000       2813.6      -1003.2       0.0000       0.0000       0.0000      -199.68    
  340.4002436       1.0000       0.0000      -1618.2       0.0000       0.0000       2819.2      -1003.0       0.0000       0.0000       0.0000      -199.08    
  340.4264857       1.0000       0.0000      -1619.0       0.0000       0.0000       2819.9      -1003.0       0.0000       0.0000       0.0000      -199.00    
  340.4789699       1.0000       0.0000      -1620.5       0.0000       0.0000       2821.4      -1003.0       0.0000       0.0000       0.0000      -198.85    
  340.4789699       1.0000       0.0000      -1620.5       0.0000       0.0000       2821.4      -1003.0       0.0000       0.0000       0.0000      -198.85    
  340.6390673       1.0000       0.0000      -1625.0       0.0000       0.0000       2825.6      -1002.7       0.0000       0.0000       0.0000      -198.45    
  340.7991647       1.0000       0.0000      -1629.4       0.0000       0.0000       2829.6      -1002.3       0.0000       0.0000       0.0000      -198.11    
  341.0000000       1.0000       0.0000      -1634.9       0.0000       0.0000       2834.5      -1001.7       0.0000       0.0000       0.0000      -197.75    
  341.0000000       1.0000       0.0000      -1634.9       0.0000       0.0000       2834.5      -1001.7       0.0000       0.0000       0.0000      -197.75    
  341.0334978       1.0000       0.0000      -1635.8       0.0000       0.0000       2835.3      -1001.6       0.0000       0.0000       0.0000      -197.69    
  341.0669955       1.0000       0.0000      -1636.7       0.0000       0.0000       2836.1      -1001.5       0.0000       0.0000       0.0000      -197.63    
  341.0986329       1.0000       0.0000      -1637.6       0.0000       0.0000       2836.8      -1001.4       0.0000       0.0000       0.0000      -197.44    
  341.1209903       1.0000       0.0000      -1638.2       0.0000       0.0000       2837.3      -1001.3       0.0000       0.0000       0.0000      -197.30    
  341.1405617       1.0000       0.0000      -1638.7       0.0000       0.0000       2837.7      -1001.2       0.0000       0.0000       0.0000      -197.18    
  341.1612116       1.0000       0.0000      -1639.3       0.0000       0.0000       2838.2      -1001.1       0.0000       0.0000       0.0000      -197.06    
  341.1798055       1.0000       0.0000      -1639.7       0.0000       0.0000       2838.6      -1001.1       0.0000       0.0000       0.0000      -196.95    
  341.1984890       1.0000       0.0000      -1640.2       0.0000       0.0000       2838.9      -1001.0       0.0000       0.0000       0.0000      -196.84    
  341.2164927       1.0000       0.0000      -1640.7       0.0000       0.0000       2839.3      -1000.9       0.0000       0.0000       0.0000      -196.74    
  341.2347019       1.0000       0.0000      -1641.2       0.0000       0.0000       2839.7      -1000.8       0.0000       0.0000       0.0000      -196.64    
  341.2529417       1.0000       0.0000      -1641.7       0.0000       0.0000       2840.0      -1000.7       0.0000       0.0000       0.0000      -196.54    
  341.2719537       1.0000       0.0000      -1642.2       0.0000       0.0000       2840.4      -1000.5       0.0000       0.0000       0.0000      -196.43    
  341.2926427       1.0000       0.0000      -1642.7       0.0000       0.0000       2840.8      -1000.4       0.0000       0.0000       0.0000      -196.32    
  341.3153501       1.0000       0.0000      -1643.3       0.0000       0.0000       2841.2      -1000.3       0.0000       0.0000       0.0000      -196.21    
  341.3408346       1.0000       0.0000      -1644.0       0.0000       0.0000       2841.7      -1000.1       0.0000       0.0000       0.0000      -196.08    
  341.3695986       1.0000       0.0000      -1644.8       0.0000       0.0000       2842.2      -999.86       0.0000       0.0000       0.0000      -195.93    
  341.4029150       1.0000       0.0000      -1645.6       0.0000       0.0000       2842.8      -999.61       0.0000       0.0000       0.0000      -195.77    
  341.4420061       1.0000       0.0000      -1646.6       0.0000       0.0000       2843.5      -999.30       0.0000       0.0000       0.0000      -195.59    
  341.4891999       1.0000       0.0000      -1647.9       0.0000       0.0000       2844.3      -998.91       0.0000       0.0000       0.0000      -195.37    
  341.5478014       1.0000       0.0000      -1649.4       0.0000       0.0000       2845.2      -998.40       0.0000       0.0000       0.0000      -195.12    
  341.6239840       1.0000       0.0000      -1651.3       0.0000       0.0000       2846.5      -997.72       0.0000       0.0000       0.0000      -194.81    
  341.7273979       1.0000       0.0000      -1653.9       0.0000       0.0000       2848.0      -996.76       0.0000       0.0000       0.0000      -194.42    
  341.8824781       1.0000       0.0000      -1657.8       0.0000       0.0000       2850.3      -995.28       0.0000       0.0000      1.81642E-06  -193.90    
  342.0000000       1.0000       0.0000      -1660.7       0.0000       0.0000       2851.9      -994.14       0.0000       0.0000      4.41253E-06  -193.54    
  342.0000000       1.0000       0.0000      -1660.7       0.0000       0.0000       2851.9      -994.14       0.0000       0.0000      4.40890E-06  -193.54    
  342.0253099       1.0000       0.0000      -1661.3       0.0000       0.0000       2852.3      -993.89       0.0000       0.0000      6.08273E-06  -193.47    
  342.0506198       1.0000       0.0000      -1661.9       0.0000       0.0000       2852.6      -993.64       0.0000       0.0000      7.75656E-06  -193.39    
  342.1012396       1.0000       0.0000      -1663.1       0.0000       0.0000       2853.2      -993.07       0.0000       0.0000      1.11042E-05  -192.94    
  342.2024792       1.0000       0.0000      -1665.5       0.0000       0.0000       2854.1      -991.68       0.0000       0.0000      1.79088E-05  -191.75    
  342.4049584       1.0000       0.0000      -1670.2       0.0000       0.0000       2854.7      -987.98       0.0000       0.0000      4.04449E-05  -189.75    
  342.8099168       1.0000       0.0000      -1679.3       0.0000       0.0000       2854.3      -979.23       0.0000       0.0000      1.12625E-04  -186.56    
  343.0000000       1.0000       0.0000      -1683.4       0.0000       0.0000       2853.8      -974.94       0.0000       0.0000      1.58716E-04  -186.40    
  343.0000000       1.0000       0.0000      -1683.4       0.0000       0.0000       2853.8      -974.94       0.0000       0.0000      1.58716E-04  -186.40    
  343.0343974       1.0000       0.0000      -4003.8       0.0000       0.0000       7783.9      -1138.2       0.0000       0.0000      1.67029E-04  -267.20    
  343.0687947       1.0000       0.0000      -4371.2       0.0000       0.0000       7553.1      -1153.6       0.0000       0.0000      1.75359E-04  -325.14    
  343.1011975       1.0000       0.0000      -3938.7       0.0000       0.0000       5922.8      -1111.0       0.0000       0.0000      1.83255E-04  -342.12    
  343.1334790       1.0000       0.0000      -3477.2       0.0000       0.0000       4730.6      -1069.4       0.0000       0.0000      1.91082E-04  -337.18    
  343.1755055       1.0000       0.0000      -3250.5       0.0000       0.0000       4369.4      -1046.8       0.0000       0.0000      2.01273E-04  -326.54    
  343.2407045       1.0000       0.0000      -3259.9       0.0000       0.0000       4562.3      -1041.7       0.0000       0.0000      2.15287E-04  -322.46    
  343.3212849       1.0000       0.0000      -3270.2       0.0000       0.0000       4647.0      -1037.4       0.0000       0.0000      2.31274E-04  -323.60    
  343.4507502       1.0000       0.0000      -3213.8       0.0000       0.0000       4577.8      -1028.6       0.0000       0.0000      2.54721E-04  -324.76    
  343.6548670       1.0000       0.0000      -3125.5       0.0000       0.0000       4474.5      -1018.9       0.0000       0.0000      2.83797E-04  -325.39    
  344.0000000       1.0000       0.0000      -3006.7       0.0000       0.0000       4344.0      -1007.9       0.0000       0.0000      3.13018E-04  -325.97    
  344.0000000       1.0000       0.0000      -3006.7       0.0000       0.0000       4344.0      -1007.9       0.0000       0.0000      3.13018E-04  -325.97    
  344.0275179       1.0000       0.0000      -2997.5       0.0000       0.0000       4333.8      -1007.0       0.0000       0.0000      3.13625E-04  -326.02    
  344.0550358       1.0000       0.0000      -2988.4       0.0000       0.0000       4323.9      -1006.2       0.0000       0.0000      3.14231E-04  -326.06    
  344.1100716       1.0000       0.0000      -2970.9       0.0000       0.0000       4304.8      -1004.7       0.0000       0.0000      3.15444E-04  -326.14    
  344.2201431       1.0000       0.0000      -2938.0       0.0000       0.0000       4268.8      -1001.8       0.0000       0.0000      3.17426E-04  -326.28    
  344.4402862       1.0000       0.0000      -2879.8       0.0000       0.0000       4205.1      -996.59       0.0000       0.0000      3.17426E-04  -326.43    
  344.8805725       1.0000       0.0000      -2785.3       0.0000       0.0000       4100.1      -986.81       0.0000       0.0000      3.17425E-04  -326.40    
  345.0000000       1.0000       0.0000      -2761.3       0.0000       0.0000       4073.2      -984.19       0.0000       0.0000      3.17425E-04  -326.37    
  345.0000000       1.0000       0.0000      -2761.3       0.0000       0.0000       4073.2      -984.19       0.0000       0.0000      3.17425E-04  -326.37    
  345.3522290       1.0000       0.0000      -2700.6       0.0000       0.0000       4004.7      -976.94       0.0000       0.0000      3.17425E-04  -326.21    
  345.7044580       1.0000       0.0000      -2648.0       0.0000       0.0000       3944.7      -969.97       0.0000       0.0000      3.17424E-04  -325.96    
  346.0000000       1.0000       0.0000      -2608.7       0.0000       0.0000       3899.2      -964.21       0.0000       0.0000      3.17424E-04  -325.70    
  346.0000000       1.0000       0.0000      -2608.7       0.0000       0.0000       3899.2      -964.21       0.0000       0.0000      3.17424E-04  -325.70    
  346.2817832       1.0000       0.0000      -2574.9       0.0000       0.0000       3860.3      -959.47       0.0000       0.0000      3.17424E-04  -325.51    
  346.5635664       1.0000       0.0000      -2542.5       0.0000       0.0000       3823.5      -955.28       0.0000       0.0000      3.17424E-04  -325.34    
  347.0000000       1.0000       0.0000      -2498.8       0.0000       0.0000       3773.4      -949.36       0.0000       0.0000      3.17424E-04  -325.01    
  347.0000000       1.0000       0.0000      -2498.8       0.0000       0.0000       3773.4      -949.36       0.0000       0.0000      3.17424E-04  -325.01    
  347.2254266       1.0000       0.0000      -2477.8       0.0000       0.0000       3749.4      -946.57       0.0000       0.0000      3.17424E-04  -324.86    
  347.4508531       1.0000       0.0000      -2458.3       0.0000       0.0000       3727.2      -944.01       0.0000       0.0000      3.17424E-04  -324.72    
  347.9017062       1.0000       0.0000      -2423.8       0.0000       0.0000       3687.5      -939.23       0.0000       0.0000      3.17424E-04  -324.41    
  348.0000000       1.0000       0.0000      -2416.5       0.0000       0.0000       3679.1      -938.19       0.0000       0.0000      3.17424E-04  -324.34    
  348.0000000       1.0000       0.0000      -2416.5       0.0000       0.0000       3679.1      -938.19       0.0000       0.0000      3.17424E-04  -324.34    
  348.3606825       1.0000       0.0000      -2391.9       0.0000       0.0000       3651.3      -935.13       0.0000       0.0000      3.17424E-04  -324.17    
  348.7213650       1.0000       0.0000      -2369.3       0.0000       0.0000       3625.9      -932.54       0.0000       0.0000      3.17424E-04  -324.01    
  349.0000000       1.0000       0.0000      -2352.8       0.0000       0.0000       3607.4      -930.68       0.0000       0.0000      3.17424E-04  -323.88    
  349.0000000       1.0000       0.0000      -2352.8       0.0000       0.0000       3607.4      -930.68       0.0000       0.0000      3.17424E-04  -323.88    
  349.2885460       1.0000       0.0000      -2336.7       0.0000       0.0000       3590.1      -929.57       0.0000       0.0000      3.17424E-04  -323.85    
  349.5770920       1.0000       0.0000      -2321.4       0.0000       0.0000       3574.4      -929.11       0.0000       0.0000      3.17424E-04  -323.86    
  350.0000000       1.0000       0.0000      -2300.5       0.0000       0.0000       3553.4      -928.98       0.0000       0.0000      3.17424E-04  -323.86    
  350.0000000       1.0000       0.0000      -2300.5       0.0000       0.0000       3553.4      -928.98       0.0000       0.0000      3.17424E-04  -323.86    
  350.2308368       1.0000       0.0000      -2289.5       0.0000       0.0000       3543.1      -929.60       0.0000       0.0000      3.17424E-04  -323.96    
  350.4616736       1.0000       0.0000      -2278.9       0.0000       0.0000       3533.9      -930.83       0.0000       0.0000      3.17424E-04  -324.10    
  350.9233472       1.0000       0.0000      -2259.1       0.0000       0.0000       3517.8      -934.26       0.0000       0.0000      3.17424E-04  -324.37    
  351.0000000       1.0000       0.0000      -2255.9       0.0000       0.0000       3515.1      -934.85       0.0000       0.0000      3.17424E-04  -324.42    
  351.0000000       1.0000       0.0000      -2255.9       0.0000       0.0000       3515.1      -934.85       0.0000       0.0000      3.17424E-04  -324.42    
  351.3693389       1.0000       0.0000      -2241.0       0.0000       0.0000       3504.1      -938.35       0.0000       0.0000      3.17424E-04  -324.70    
  351.7386777       1.0000       0.0000      -2226.9       0.0000       0.0000       3494.2      -942.23       0.0000       0.0000      3.17424E-04  -324.99    
  352.0000000       1.0000       0.0000      -2217.3       0.0000       0.0000       3487.6      -945.07       0.0000       0.0000      3.17424E-04  -325.19    
  352.0000000       1.0000       0.0000      -2217.3       0.0000       0.0000       3487.6      -945.07       0.0000       0.0000      3.17424E-04  -325.19    
  352.2954711       1.0000       0.0000      -2206.9       0.0000       0.0000       3481.1      -948.65       0.0000       0.0000      3.17424E-04  -325.47    
  352.5909422       1.0000       0.0000      -2197.0       0.0000       0.0000       3475.2      -952.50       0.0000       0.0000      3.17424E-04  -325.76    
  353.0000000       1.0000       0.0000      -2183.9       0.0000       0.0000       3468.1      -958.03       0.0000       0.0000      3.13015E-04  -326.17    
  353.0000000       1.0000       0.0000      -2183.9       0.0000       0.0000       3468.1      -958.03       0.0000       0.0000      3.13015E-04  -326.17    
  353.2363769       1.0000       0.0000      -2176.7       0.0000       0.0000       3464.9      -961.78       0.0000       0.0000      2.95780E-04  -326.48    
  353.4727537       1.0000       0.0000      -2169.6       0.0000       0.0000       3462.5      -966.04       0.0000       0.0000      2.66519E-04  -326.83    
  353.9455075       1.0000       0.0000      -2156.6       0.0000       0.0000       3459.4      -975.34       0.0000       0.0000      1.71925E-04  -327.53    
  354.0000000       1.0000       0.0000      -2155.1       0.0000       0.0000       3459.2      -976.44       0.0000       0.0000      1.58712E-04  -327.61    
  354.0000000       1.0000       0.0000      -2155.1       0.0000       0.0000       3459.2      -976.44       0.0000       0.0000      1.58712E-04  -327.61    
  354.0046236       1.0000       0.0000      -1578.4       0.0000       0.0000       1880.4      -933.35       0.0000       0.0000      1.57591E-04  -323.25    
  354.0092473       1.0000       0.0000      -1005.3       0.0000       0.0000       401.29      -890.88       0.0000       0.0000      1.56470E-04  -314.97    
  354.0134993       1.0000       0.0000      -802.37       0.0000       0.0000       0.0000      -876.44       0.0000       0.0000      1.55438E-04  -306.62    
  354.0183215       1.0000       0.0000      -732.71       0.0000       0.0000       0.0000      -872.22       0.0000       0.0000      1.54269E-04  -297.55    
  354.0235096       1.0000       0.0000      -662.32       0.0000       0.0000       0.0000      -868.06       0.0000       0.0000      1.53011E-04  -288.22    
  354.0295705       1.0000       0.0000      -584.91       0.0000       0.0000       0.0000      -863.65       0.0000       0.0000      1.51542E-04  -277.87    
  354.0367403       1.0000       0.0000      -500.00       0.0000       0.0000       0.0000      -859.01       0.0000       0.0000      1.49803E-04  -266.35    
  354.0460314       1.0000       0.0000      -401.01       0.0000       0.0000       0.0000      -853.84       0.0000       0.0000      1.47550E-04  -252.51    
  354.0614145       1.0000       0.0000      -261.46       0.0000       0.0000       0.0000      -847.14       0.0000       0.0000      1.43820E-04  -232.12    
  354.0775514       1.0000       0.0000      -137.12       0.0000       0.0000       0.0000      -841.76       0.0000       0.0000      1.39907E-04  -213.10    
  354.0952474       1.0000       0.0000      -20.221       0.0000       0.0000       0.0000      -837.40       0.0000       0.0000      1.35617E-04  -194.69    
  354.1127748       1.0000       0.0000       71.173       0.0000       0.0000       0.0000      -834.33       0.0000       0.0000      1.31367E-04  -178.38    
  354.1321040       1.0000       0.0000      -55.255       0.0000       0.0000       518.66      -847.77       0.0000       0.0000      1.26680E-04  -167.84    
  354.1528446       1.0000       0.0000      -484.56       0.0000       0.0000       1675.9      -883.66       0.0000       0.0000      1.21651E-04  -170.67    
  354.1760775       1.0000       0.0000      -780.87       0.0000       0.0000       2332.6      -909.70       0.0000       0.0000      1.16017E-04  -181.29    
  354.2020327       1.0000       0.0000      -856.83       0.0000       0.0000       2369.4      -919.00       0.0000       0.0000      1.09813E-04  -191.64    
  354.2319561       1.0000       0.0000      -773.63       0.0000       0.0000       2045.1      -916.01       0.0000       0.0000      1.03877E-04  -196.39    
  354.2669690       1.0000       0.0000      -668.96       0.0000       0.0000       1749.1      -911.11       0.0000       0.0000      9.69305E-05  -195.51    
  354.3090002       1.0000       0.0000      -635.31       0.0000       0.0000       1677.3      -911.39       0.0000       0.0000      8.85920E-05  -192.96    
  354.3607550       1.0000       0.0000      -661.56       0.0000       0.0000       1746.6      -916.06       0.0000       0.0000      7.83244E-05  -191.85    
  354.4273817       1.0000       0.0000      -696.38       0.0000       0.0000       1811.7      -921.16       0.0000       0.0000      6.63135E-05  -192.06    
  354.5171632       1.0000       0.0000      -726.14       0.0000       0.0000       1846.5      -925.38       0.0000       0.0000      5.24599E-05  -192.38    
  354.6460732       1.0000       0.0000      -765.70       0.0000       0.0000       1888.0      -929.53       0.0000       0.0000      3.45999E-05  -192.55    
  354.8495059       1.0000       0.0000      -825.91       0.0000       0.0000       1952.8      -934.15       0.0000       0.0000      1.43608E-05  -192.77    
  355.0000000       1.0000       0.0000      -864.41       0.0000       0.0000       1994.3      -936.86       0.0000       0.0000      4.40866E-06  -192.95    
  355.0000000       1.0000       0.0000      -864.41       0.0000       0.0000       1994.3      -936.86       0.0000       0.0000      4.40866E-06  -192.95    
  355.0034017       1.0000       0.0000      -865.29       0.0000       0.0000       1995.3      -936.92       0.0000       0.0000      4.33368E-06  -192.95    
  355.0068033       1.0000       0.0000      -866.16       0.0000       0.0000       1996.2      -936.98       0.0000       0.0000      4.25869E-06  -192.96    
  355.0136066       1.0000       0.0000      -867.89       0.0000       0.0000       1998.0      -937.10       0.0000       0.0000      4.10872E-06  -192.96    
  355.0272133       1.0000       0.0000      -871.34       0.0000       0.0000       2001.7      -937.34       0.0000       0.0000      3.80879E-06  -192.98    
  355.0544265       1.0000       0.0000      -878.16       0.0000       0.0000       2009.0      -937.79       0.0000       0.0000      3.20892E-06  -193.01    
  355.1088531       1.0000       0.0000      -891.59       0.0000       0.0000       2023.3      -938.65       0.0000       0.0000      2.00918E-06  -193.06    
  355.2177062       1.0000       0.0000      -917.19       0.0000       0.0000       2050.5      -940.15       0.0000       0.0000       0.0000      -193.16    
  355.4354123       1.0000       0.0000      -964.47       0.0000       0.0000       2100.6      -942.78       0.0000       0.0000       0.0000      -193.37    
  355.8708247       1.0000       0.0000      -1045.2       0.0000       0.0000       2186.6      -947.57       0.0000       0.0000       0.0000      -193.76    
  356.0000000       1.0000       0.0000      -1068.3       0.0000       0.0000       2211.2      -948.97       0.0000       0.0000       0.0000      -193.88    
  356.0000000       1.0000       0.0000      -1068.3       0.0000       0.0000       2211.2      -948.97       0.0000       0.0000       0.0000      -193.88    
  356.3483299       1.0000       0.0000      -1123.3       0.0000       0.0000       2270.2      -952.74       0.0000       0.0000       0.0000      -194.20    
  356.6966597       1.0000       0.0000      -1172.1       0.0000       0.0000       2323.2      -956.52       0.0000       0.0000       0.0000      -194.51    
  357.0000000       1.0000       0.0000      -1210.6       0.0000       0.0000       2365.2      -959.85       0.0000       0.0000       0.0000      -194.79    
  357.0000000       1.0000       0.0000      -1210.6       0.0000       0.0000       2365.2      -959.85       0.0000       0.0000       0.0000      -194.79    
  357.2786639       1.0000       0.0000      -1242.3       0.0000       0.0000       2399.9      -962.64       0.0000       0.0000       0.0000      -195.00    
  357.5573278       1.0000       0.0000      -1271.4       0.0000       0.0000       2431.8      -965.22       0.0000       0.0000       0.0000      -195.20    
  358.0000000       1.0000       0.0000      -1312.0       0.0000       0.0000       2476.7      -969.13       0.0000       0.0000       0.0000      -195.51    
  358.0000000       1.0000       0.0000      -1312.0       0.0000       0.0000       2476.7      -969.13       0.0000       0.0000       0.0000      -195.51    
  358.2229311       1.0000       0.0000      -1331.3       0.0000       0.0000       2498.0      -971.08       0.0000       0.0000       0.0000      -195.66    
  358.4458622       1.0000       0.0000      -1349.3       0.0000       0.0000       2518.2      -973.04       0.0000       0.0000       0.0000      -196.59    
  358.4664365       1.0000       0.0000      -1351.0       0.0000       0.0000       2520.1      -973.22       0.0000       0.0000       0.0000      -196.72    
  358.5075852       1.0000       0.0000      -1354.3       0.0000       0.0000       2523.7      -973.58       0.0000       0.0000       0.0000      -196.98    
  358.5075852       1.0000       0.0000      -1354.3       0.0000       0.0000       2523.7      -973.58       0.0000       0.0000       0.0000      -196.98    
  358.6859301       1.0000       0.0000      -1367.8       0.0000       0.0000       2539.0      -975.17       0.0000       0.0000       0.0000      -197.91    
  358.8642750       1.0000       0.0000      -1380.7       0.0000       0.0000       2553.6      -976.77       0.0000       0.0000       0.0000      -198.71    
  359.0000000       1.0000       0.0000      -1390.2       0.0000       0.0000       2564.4      -977.99       0.0000       0.0000       0.0000      -199.25    
  359.0000000       1.0000       0.0000      -1390.2       0.0000       0.0000       2564.4      -977.99       0.0000       0.0000       0.0000      -199.25    
  359.1426759       1.0000       0.0000      -1399.7       0.0000       0.0000       2575.3      -979.24       0.0000       0.0000       0.0000      -199.69    
  359.2853518       1.0000       0.0000      -1409.0       0.0000       0.0000       2585.9      -980.45       0.0000       0.0000       0.0000      -200.02    
  359.5707036       1.0000       0.0000      -1426.3       0.0000       0.0000       2605.7      -982.76       0.0000       0.0000       0.0000      -200.57    
  360.0000000       1.0000       0.0000      -1450.1       0.0000       0.0000       2633.1      -986.12       0.0000       0.0000       0.0000      -201.17    
