#      time         order        air_age      relhum       xco2vol   
  336.0000000       1.0000      0.96922      8.68102E-02   400.00    
  336.0277111       1.0000      0.96922      8.67555E-02   400.00    
  336.0554222       1.0000      0.96922      8.67005E-02   400.00    
  336.0682198       1.0000      0.96922      8.66750E-02   400.00    
  336.0682198       1.0000      0.96922      8.66750E-02   400.00    
  336.0903887       1.0000      0.96921      8.66311E-02   400.00    
  336.1125575       1.0000      0.96921      8.65874E-02   400.00    
  336.1568953       1.0000      0.96921      8.65009E-02   400.00    
  336.2455708       1.0000      0.96921      8.63294E-02   400.00    
  336.4229219       1.0000      0.96920      8.59999E-02   400.00    
  336.7776240       1.0000      0.96919      8.53712E-02   400.00    
  337.0000000       1.0000      0.96918      8.49875E-02   400.00    
  337.0000000       1.0000      0.96918      8.49875E-02   400.00    
  337.2837617       1.0000      0.96917      8.45295E-02   400.00    
  337.5675234       1.0000      0.96916      8.41022E-02   400.00    
  338.0000000       1.0000      0.96915      8.35008E-02   400.00    
  338.0000000       1.0000      0.96915      8.35008E-02   400.00    
  338.2270094       1.0000      0.96914      8.31965E-02   400.00    
  338.4540187       1.0000      0.96914      8.29015E-02   400.00    
  338.9080375       1.0000      0.96913      8.23377E-02   400.00    
  339.0000000       1.0000      0.96912      8.22245E-02   400.00    
  339.0000000       1.0000      0.96912      8.22245E-02   400.00    
  339.3632150       1.0000      0.96912      8.18189E-02   400.00    
  339.7264300       1.0000      0.96911      8.14507E-02   400.00    
  340.0000000       1.0000      0.96910      8.11900E-02   400.00    
  340.0000000       1.0000      0.96910      8.11900E-02   400.00    
  340.2001218       1.0000      0.96910      8.10398E-02   400.00    
  340.4002436       1.0000      0.96910      8.09406E-02   400.00    
  340.4264857       1.0000      0.96910      8.09285E-02   400.00    
  340.4789699       1.0000      0.96910      8.09059E-02   400.00    
  340.4789699       1.0000      0.96910      8.09059E-02   400.00    
  340.6390673       1.0000      0.96910      8.08677E-02   400.00    
  340.7991647       1.0000      0.96910      8.08518E-02   400.00    
  341.0000000       1.0000      0.96910      8.08608E-02   400.00    
  341.0000000       1.0000      0.96910      8.08608E-02   400.00    
  341.0334978       1.0000      0.96910      8.08631E-02   400.00    
  341.0669955       1.0000      0.96910      8.08661E-02   400.00    
  341.0986329       1.0000      0.96910      8.08714E-02   400.00    
  341.1209903       1.0000      0.96910      8.08763E-02   400.00    
  341.1405617       1.0000      0.96910      8.08816E-02   400.00    
  341.1612116       1.0000      0.96910      8.08882E-02   400.00    
  341.1798055       1.0000      0.96910      8.08949E-02   400.00    
  341.1984890       1.0000      0.96910      8.09024E-02   400.00    
  341.2164927       1.0000      0.96910      8.09104E-02   400.00    
  341.2347019       1.0000      0.96910      8.09192E-02   400.00    
  341.2529417       1.0000      0.96910      8.09287E-02   400.00    
  341.2719537       1.0000      0.96910      8.09394E-02   400.00    
  341.2926427       1.0000      0.96910      8.09520E-02   400.00    
  341.3153501       1.0000      0.96910      8.09668E-02   400.00    
  341.3408346       1.0000      0.96910      8.09847E-02   400.00    
  341.3695986       1.0000      0.96910      8.10065E-02   400.00    
  341.4029150       1.0000      0.96910      8.10338E-02   400.00    
  341.4420061       1.0000      0.96910      8.10685E-02   400.00    
  341.4891999       1.0000      0.96910      8.11143E-02   400.00    
  341.5478014       1.0000      0.96910      8.11766E-02   400.00    
  341.6239840       1.0000      0.96910      8.12665E-02   400.00    
  341.7273979       1.0000      0.96911      8.14023E-02   400.00    
  341.8824781       1.0000      0.96911      8.16358E-02   400.00    
  342.0000000       1.0000      0.96911      8.18276E-02   400.00    
  342.0000000       1.0000      0.96911      8.18276E-02   400.00    
  342.0253099       1.0000      0.96912      8.18695E-02   400.00    
  342.0506198       1.0000      0.96912      8.19122E-02   400.00    
  342.1012396       1.0000      0.96912      8.20061E-02   400.00    
  342.2024792       1.0000      0.96912      8.22286E-02   400.00    
  342.4049584       1.0000      0.96914      8.28466E-02   400.00    
  342.8099168       1.0000      0.96917      8.44928E-02   400.00    
  343.0000000       1.0000      0.96919      8.52730E-02   400.00    
  343.0000000       1.0000      0.96919      8.52730E-02   400.00    
  343.0343974       1.0000      0.96919      7.93341E-02   400.00    
  343.0687947       1.0000      0.96919      7.53973E-02   400.00    
  343.1011975       1.0000      0.96919      7.43661E-02   400.00    
  343.1334790       1.0000      0.96920      7.48140E-02   400.00    
  343.1755055       1.0000      0.96920      7.56829E-02   400.00    
  343.2407045       1.0000      0.96920      7.61741E-02   400.00    
  343.3212849       1.0000      0.96921      7.63350E-02   400.00    
  343.4507502       1.0000      0.96921      7.65934E-02   400.00    
  343.6548670       1.0000      0.96922      7.69847E-02   400.00    
  344.0000000       1.0000      0.96924      7.74757E-02   400.00    
  344.0000000       1.0000      0.96924      7.74757E-02   400.00    
  344.0275179       1.0000      0.96924      7.75137E-02   400.00    
  344.0550358       1.0000      0.96924      7.75506E-02   400.00    
  344.1100716       1.0000      0.96924      7.76204E-02   400.00    
  344.2201431       1.0000      0.96924      7.77472E-02   400.00    
  344.4402862       1.0000      0.96925      7.79511E-02   400.00    
  344.8805725       1.0000      0.96925      7.82322E-02   400.00    
  345.0000000       1.0000      0.96925      7.82999E-02   400.00    
  345.0000000       1.0000      0.96925      7.82999E-02   400.00    
  345.3522290       1.0000      0.96926      7.84465E-02   400.00    
  345.7044580       1.0000      0.96926      7.85540E-02   400.00    
  346.0000000       1.0000      0.96926      7.86231E-02   400.00    
  346.0000000       1.0000      0.96926      7.86231E-02   400.00    
  346.2817832       1.0000      0.96926      7.86743E-02   400.00    
  346.5635664       1.0000      0.96926      7.87139E-02   400.00    
  347.0000000       1.0000      0.96927      7.87563E-02   400.00    
  347.0000000       1.0000      0.96927      7.87563E-02   400.00    
  347.2254266       1.0000      0.96927      7.87741E-02   400.00    
  347.4508531       1.0000      0.96927      7.87886E-02   400.00    
  347.9017062       1.0000      0.96927      7.88084E-02   400.00    
  348.0000000       1.0000      0.96927      7.88123E-02   400.00    
  348.0000000       1.0000      0.96927      7.88123E-02   400.00    
  348.3606825       1.0000      0.96927      7.88229E-02   400.00    
  348.7213650       1.0000      0.96927      7.88306E-02   400.00    
  349.0000000       1.0000      0.96927      7.88352E-02   400.00    
  349.0000000       1.0000      0.96927      7.88352E-02   400.00    
  349.2885460       1.0000      0.96927      7.88390E-02   400.00    
  349.5770920       1.0000      0.96927      7.88419E-02   400.00    
  350.0000000       1.0000      0.96927      7.88449E-02   400.00    
  350.0000000       1.0000      0.96927      7.88449E-02   400.00    
  350.2308368       1.0000      0.96927      7.88463E-02   400.00    
  350.4616736       1.0000      0.96927      7.88474E-02   400.00    
  350.9233472       1.0000      0.96927      7.88489E-02   400.00    
  351.0000000       1.0000      0.96927      7.88491E-02   400.00    
  351.0000000       1.0000      0.96927      7.88491E-02   400.00    
  351.3693389       1.0000      0.96927      7.88500E-02   400.00    
  351.7386777       1.0000      0.96927      7.88506E-02   400.00    
  352.0000000       1.0000      0.96927      7.88509E-02   400.00    
  352.0000000       1.0000      0.96927      7.88509E-02   400.00    
  352.2954711       1.0000      0.96927      7.88513E-02   400.00    
  352.5909422       1.0000      0.96927      7.88515E-02   400.00    
  353.0000000       1.0000      0.96927      7.88518E-02   400.00    
  353.0000000       1.0000      0.96927      7.88518E-02   400.00    
  353.2363769       1.0000      0.96927      7.88520E-02   400.00    
  353.4727537       1.0000      0.96927      7.88521E-02   400.00    
  353.9455075       1.0000      0.96927      7.88523E-02   400.00    
  354.0000000       1.0000      0.96927      7.88523E-02   400.00    
  354.0000000       1.0000      0.96927      7.88523E-02   400.00    
  354.0046236       1.0000      0.96927      7.91651E-02   400.00    
  354.0092473       1.0000      0.96927      7.97620E-02   400.00    
  354.0134993       1.0000      0.96927      8.03693E-02   400.00    
  354.0183215       1.0000      0.96927      8.10353E-02   400.00    
  354.0235096       1.0000      0.96927      8.17266E-02   400.00    
  354.0295705       1.0000      0.96927      8.25010E-02   400.00    
  354.0367403       1.0000      0.96927      8.33733E-02   400.00    
  354.0460314       1.0000      0.96927      8.44353E-02   400.00    
  354.0614145       1.0000      0.96927      8.60270E-02   400.00    
  354.0775514       1.0000      0.96927      8.75420E-02   400.00    
  354.0952474       1.0000      0.96927      8.90375E-02   400.00    
  354.1127748       1.0000      0.96927      9.03866E-02   400.00    
  354.1321040       1.0000      0.96927      9.12713E-02   400.00    
  354.1528446       1.0000      0.96927      9.10347E-02   400.00    
  354.1760775       1.0000      0.96927      9.01499E-02   400.00    
  354.2020327       1.0000      0.96927      8.92970E-02   400.00    
  354.2319561       1.0000      0.96927      8.89107E-02   400.00    
  354.2669690       1.0000      0.96927      8.89857E-02   400.00    
  354.3090002       1.0000      0.96927      8.91983E-02   400.00    
  354.3607550       1.0000      0.96927      8.92945E-02   400.00    
  354.4273817       1.0000      0.96927      8.92831E-02   400.00    
  354.5171632       1.0000      0.96927      8.92645E-02   400.00    
  354.6460732       1.0000      0.96927      8.92624E-02   400.00    
  354.8495059       1.0000      0.96927      8.92623E-02   400.00    
  355.0000000       1.0000      0.96927      8.92610E-02   400.00    
  355.0000000       1.0000      0.96927      8.92610E-02   400.00    
  355.0034017       1.0000      0.96927      8.92609E-02   400.00    
  355.0068033       1.0000      0.96927      8.92609E-02   400.00    
  355.0136066       1.0000      0.96927      8.92609E-02   400.00    
  355.0272133       1.0000      0.96927      8.92608E-02   400.00    
  355.0544265       1.0000      0.96927      8.92607E-02   400.00    
  355.1088531       1.0000      0.96927      8.92606E-02   400.00    
  355.2177062       1.0000      0.96927      8.92602E-02   400.00    
  355.4354123       1.0000      0.96927      8.92595E-02   400.00    
  355.8708247       1.0000      0.96927      8.92585E-02   400.00    
  356.0000000       1.0000      0.96927      8.92583E-02   400.00    
  356.0000000       1.0000      0.96927      8.92583E-02   400.00    
  356.3483299       1.0000      0.96927      8.92576E-02   400.00    
  356.6966597       1.0000      0.96927      8.92571E-02   400.00    
  357.0000000       1.0000      0.96927      8.92567E-02   400.00    
  357.0000000       1.0000      0.96927      8.92567E-02   400.00    
  357.2786639       1.0000      0.96927      8.92562E-02   400.00    
  357.5573278       1.0000      0.96927      8.92559E-02   400.00    
  358.0000000       1.0000      0.96927      8.92555E-02   400.00    
  358.0000000       1.0000      0.96927      8.92555E-02   400.00    
  358.2229311       1.0000      0.96927      8.92553E-02   400.00    
  358.4458622       1.0000      0.96927      8.91783E-02   400.00    
  358.4664365       1.0000      0.96927      8.91702E-02   400.00    
  358.5075852       1.0000      0.96927      8.91518E-02   400.00    
  358.5075852       1.0000      0.96927      8.91518E-02   400.00    
  358.6859301       1.0000      0.96926      8.89988E-02   400.00    
  358.8642750       1.0000      0.96926      8.87919E-02   400.00    
  359.0000000       1.0000      0.96925      8.86072E-02   400.00    
  359.0000000       1.0000      0.96925      8.86072E-02   400.00    
  359.1426759       1.0000      0.96925      8.83910E-02   400.00    
  359.2853518       1.0000      0.96925      8.81590E-02   400.00    
  359.5707036       1.0000      0.96924      8.76474E-02   400.00    
  360.0000000       1.0000      0.96922      8.68102E-02   400.00    
