#      time         order        air_age      relhum       xco2vol   
  336.0000000       1.0000      0.96922      8.68101E-02   400.00    
  336.0277111       1.0000      0.96922      8.67554E-02   400.00    
  336.0554222       1.0000      0.96922      8.67004E-02   400.00    
  336.0682198       1.0000      0.96922      8.66749E-02   400.00    
  336.0682198       1.0000      0.96922      8.66749E-02   400.00    
  336.0903887       1.0000      0.96921      8.66310E-02   400.00    
  336.1125575       1.0000      0.96921      8.65873E-02   400.00    
  336.1568953       1.0000      0.96921      8.65008E-02   400.00    
  336.2455708       1.0000      0.96921      8.63293E-02   400.00    
  336.4229219       1.0000      0.96920      8.59998E-02   400.00    
  336.7776240       1.0000      0.96919      8.53711E-02   400.00    
  337.0000000       1.0000      0.96918      8.49874E-02   400.00    
  337.0000000       1.0000      0.96918      8.49874E-02   400.00    
  337.2837617       1.0000      0.96917      8.45294E-02   400.00    
  337.5675234       1.0000      0.96916      8.41021E-02   400.00    
  338.0000000       1.0000      0.96915      8.35008E-02   400.00    
  338.0000000       1.0000      0.96915      8.35008E-02   400.00    
  338.2270094       1.0000      0.96914      8.31965E-02   400.00    
  338.4540187       1.0000      0.96914      8.29015E-02   400.00    
  338.9080375       1.0000      0.96913      8.23377E-02   400.00    
  339.0000000       1.0000      0.96912      8.22245E-02   400.00    
  339.0000000       1.0000      0.96912      8.22245E-02   400.00    
  339.3632150       1.0000      0.96912      8.18189E-02   400.00    
  339.7264300       1.0000      0.96911      8.14506E-02   400.00    
  340.0000000       1.0000      0.96910      8.11899E-02   400.00    
  340.0000000       1.0000      0.96910      8.11899E-02   400.00    
  340.2001218       1.0000      0.96910      8.10398E-02   400.00    
  340.4002436       1.0000      0.96910      8.09407E-02   400.00    
  340.4264857       1.0000      0.96910      8.09285E-02   400.00    
  340.4789699       1.0000      0.96910      8.09059E-02   400.00    
  340.4789699       1.0000      0.96910      8.09059E-02   400.00    
  340.6390673       1.0000      0.96910      8.08678E-02   400.00    
  340.7991647       1.0000      0.96910      8.08518E-02   400.00    
  341.0000000       1.0000      0.96910      8.08609E-02   400.00    
  341.0000000       1.0000      0.96910      8.08609E-02   400.00    
  341.0334978       1.0000      0.96910      8.08631E-02   400.00    
  341.0669955       1.0000      0.96910      8.08662E-02   400.00    
  341.0986329       1.0000      0.96910      8.08715E-02   400.00    
  341.1209903       1.0000      0.96910      8.08764E-02   400.00    
  341.1405617       1.0000      0.96910      8.08817E-02   400.00    
  341.1612116       1.0000      0.96910      8.08882E-02   400.00    
  341.1798055       1.0000      0.96910      8.08950E-02   400.00    
  341.1984890       1.0000      0.96910      8.09025E-02   400.00    
  341.2164927       1.0000      0.96910      8.09105E-02   400.00    
  341.2347019       1.0000      0.96910      8.09193E-02   400.00    
  341.2529417       1.0000      0.96910      8.09288E-02   400.00    
  341.2719537       1.0000      0.96910      8.09395E-02   400.00    
  341.2926427       1.0000      0.96910      8.09521E-02   400.00    
  341.3153501       1.0000      0.96910      8.09669E-02   400.00    
  341.3408346       1.0000      0.96910      8.09848E-02   400.00    
  341.3695986       1.0000      0.96910      8.10066E-02   400.00    
  341.4029150       1.0000      0.96910      8.10339E-02   400.00    
  341.4420061       1.0000      0.96910      8.10687E-02   400.00    
  341.4891999       1.0000      0.96910      8.11145E-02   400.00    
  341.5478014       1.0000      0.96910      8.11767E-02   400.00    
  341.6239840       1.0000      0.96910      8.12666E-02   400.00    
  341.7273979       1.0000      0.96911      8.14024E-02   400.00    
  341.8824781       1.0000      0.96911      8.16360E-02   400.00    
  342.0000000       1.0000      0.96911      8.18277E-02   400.00    
  342.0000000       1.0000      0.96911      8.18277E-02   400.00    
  342.0253099       1.0000      0.96912      8.18697E-02   400.00    
  342.0506198       1.0000      0.96912      8.19123E-02   400.00    
  342.1012396       1.0000      0.96912      8.20063E-02   400.00    
  342.2024792       1.0000      0.96912      8.22289E-02   400.00    
  342.4049584       1.0000      0.96914      8.28469E-02   400.00    
  342.8099168       1.0000      0.96917      8.44931E-02   400.00    
  343.0000000       1.0000      0.96919      8.52734E-02   400.00    
  343.0000000       1.0000      0.96919      8.52734E-02   400.00    
  343.0343974       1.0000      0.96919      7.93323E-02   400.00    
  343.0687947       1.0000      0.96919      7.53966E-02   400.00    
  343.1011975       1.0000      0.96919      7.43682E-02   400.00    
  343.1334790       1.0000      0.96920      7.48176E-02   400.00    
  343.1755055       1.0000      0.96920      7.56859E-02   400.00    
  343.2407045       1.0000      0.96920      7.61754E-02   400.00    
  343.3212849       1.0000      0.96921      7.63356E-02   400.00    
  343.4507502       1.0000      0.96921      7.65936E-02   400.00    
  343.6548670       1.0000      0.96922      7.69847E-02   400.00    
  344.0000000       1.0000      0.96924      7.74757E-02   400.00    
  344.0000000       1.0000      0.96924      7.74757E-02   400.00    
  344.0275179       1.0000      0.96924      7.75137E-02   400.00    
  344.0550358       1.0000      0.96924      7.75506E-02   400.00    
  344.1100716       1.0000      0.96924      7.76204E-02   400.00    
  344.2201431       1.0000      0.96924      7.77472E-02   400.00    
  344.4402862       1.0000      0.96925      7.79511E-02   400.00    
  344.8805725       1.0000      0.96925      7.82323E-02   400.00    
  345.0000000       1.0000      0.96925      7.83000E-02   400.00    
  345.0000000       1.0000      0.96925      7.83000E-02   400.00    
  345.3522290       1.0000      0.96926      7.84466E-02   400.00    
  345.7044580       1.0000      0.96926      7.85541E-02   400.00    
  346.0000000       1.0000      0.96926      7.86231E-02   400.00    
  346.0000000       1.0000      0.96926      7.86231E-02   400.00    
  346.2817832       1.0000      0.96926      7.86743E-02   400.00    
  346.5635664       1.0000      0.96926      7.87140E-02   400.00    
  347.0000000       1.0000      0.96927      7.87565E-02   400.00    
  347.0000000       1.0000      0.96927      7.87565E-02   400.00    
  347.2254266       1.0000      0.96927      7.87743E-02   400.00    
  347.4508531       1.0000      0.96927      7.87888E-02   400.00    
  347.9017062       1.0000      0.96927      7.88086E-02   400.00    
  348.0000000       1.0000      0.96927      7.88125E-02   400.00    
  348.0000000       1.0000      0.96927      7.88125E-02   400.00    
  348.3606825       1.0000      0.96927      7.88230E-02   400.00    
  348.7213650       1.0000      0.96927      7.88307E-02   400.00    
  349.0000000       1.0000      0.96927      7.88353E-02   400.00    
  349.0000000       1.0000      0.96927      7.88353E-02   400.00    
  349.2885460       1.0000      0.96927      7.88391E-02   400.00    
  349.5770920       1.0000      0.96927      7.88419E-02   400.00    
  350.0000000       1.0000      0.96927      7.88449E-02   400.00    
  350.0000000       1.0000      0.96927      7.88449E-02   400.00    
  350.2308368       1.0000      0.96927      7.88462E-02   400.00    
  350.4616736       1.0000      0.96927      7.88473E-02   400.00    
  350.9233472       1.0000      0.96927      7.88488E-02   400.00    
  351.0000000       1.0000      0.96927      7.88490E-02   400.00    
  351.0000000       1.0000      0.96927      7.88490E-02   400.00    
  351.3693389       1.0000      0.96927      7.88498E-02   400.00    
  351.7386777       1.0000      0.96927      7.88504E-02   400.00    
  352.0000000       1.0000      0.96927      7.88508E-02   400.00    
  352.0000000       1.0000      0.96927      7.88508E-02   400.00    
  352.2954711       1.0000      0.96927      7.88511E-02   400.00    
  352.5909422       1.0000      0.96927      7.88513E-02   400.00    
  353.0000000       1.0000      0.96927      7.88516E-02   400.00    
  353.0000000       1.0000      0.96927      7.88516E-02   400.00    
  353.2363769       1.0000      0.96927      7.88517E-02   400.00    
  353.4727537       1.0000      0.96927      7.88518E-02   400.00    
  353.9455075       1.0000      0.96927      7.88520E-02   400.00    
  354.0000000       1.0000      0.96927      7.88520E-02   400.00    
  354.0000000       1.0000      0.96927      7.88520E-02   400.00    
  354.0046236       1.0000      0.96927      7.91649E-02   400.00    
  354.0092473       1.0000      0.96927      7.97417E-02   400.00    
  354.0134993       1.0000      0.96927      8.02565E-02   400.00    
  354.0183215       1.0000      0.96927      8.08205E-02   400.00    
  354.0235096       1.0000      0.96927      8.14055E-02   400.00    
  354.0295705       1.0000      0.96927      8.20599E-02   400.00    
  354.0367403       1.0000      0.96927      8.27957E-02   400.00    
  354.0460314       1.0000      0.96927      8.36898E-02   400.00    
  354.0614145       1.0000      0.96927      8.50255E-02   400.00    
  354.0775514       1.0000      0.96927      8.62921E-02   400.00    
  354.0952474       1.0000      0.96927      8.75335E-02   400.00    
  354.1127748       1.0000      0.96927      8.86466E-02   400.00    
  354.1321040       1.0000      0.96927      8.97507E-02   400.00    
  354.1528446       1.0000      0.96927      9.07753E-02   400.00    
  354.1760775       1.0000      0.96927      9.06982E-02   400.00    
  354.2020327       1.0000      0.96927      8.99741E-02   400.00    
  354.2319561       1.0000      0.96927      8.92759E-02   400.00    
  354.2669690       1.0000      0.96927      8.90147E-02   400.00    
  354.3090002       1.0000      0.96927      8.91088E-02   400.00    
  354.3607550       1.0000      0.96927      8.92463E-02   400.00    
  354.4273817       1.0000      0.96927      8.92805E-02   400.00    
  354.5171632       1.0000      0.96927      8.92673E-02   400.00    
  354.6460732       1.0000      0.96927      8.92610E-02   400.00    
  354.8495059       1.0000      0.96927      8.92617E-02   400.00    
  355.0000000       1.0000      0.96927      8.92618E-02   400.00    
  355.0000000       1.0000      0.96927      8.92618E-02   400.00    
  355.0034017       1.0000      0.96927      8.92618E-02   400.00    
  355.0068033       1.0000      0.96927      8.92618E-02   400.00    
  355.0136066       1.0000      0.96927      8.92618E-02   400.00    
  355.0272133       1.0000      0.96927      8.92619E-02   400.00    
  355.0544265       1.0000      0.96927      8.92619E-02   400.00    
  355.1088531       1.0000      0.96927      8.92607E-02   400.00    
  355.2177062       1.0000      0.96927      8.92600E-02   400.00    
  355.4354123       1.0000      0.96927      8.92595E-02   400.00    
  355.8708247       1.0000      0.96927      8.92585E-02   400.00    
  356.0000000       1.0000      0.96927      8.92583E-02   400.00    
  356.0000000       1.0000      0.96927      8.92583E-02   400.00    
  356.3483299       1.0000      0.96927      8.92576E-02   400.00    
  356.6966597       1.0000      0.96927      8.92570E-02   400.00    
  357.0000000       1.0000      0.96927      8.92566E-02   400.00    
  357.0000000       1.0000      0.96927      8.92566E-02   400.00    
  357.2786639       1.0000      0.96927      8.92562E-02   400.00    
  357.5573278       1.0000      0.96927      8.92559E-02   400.00    
  358.0000000       1.0000      0.96927      8.92554E-02   400.00    
  358.0000000       1.0000      0.96927      8.92554E-02   400.00    
  358.2229311       1.0000      0.96927      8.92552E-02   400.00    
  358.4458622       1.0000      0.96927      8.91782E-02   400.00    
  358.4664365       1.0000      0.96927      8.91701E-02   400.00    
  358.5075852       1.0000      0.96927      8.91517E-02   400.00    
  358.5075852       1.0000      0.96927      8.91517E-02   400.00    
  358.6859301       1.0000      0.96926      8.89987E-02   400.00    
  358.8642750       1.0000      0.96926      8.87918E-02   400.00    
  359.0000000       1.0000      0.96925      8.86071E-02   400.00    
  359.0000000       1.0000      0.96925      8.86071E-02   400.00    
  359.1426759       1.0000      0.96925      8.83909E-02   400.00    
  359.2853518       1.0000      0.96925      8.81589E-02   400.00    
  359.5707036       1.0000      0.96924      8.76473E-02   400.00    
  360.0000000       1.0000      0.96922      8.68101E-02   400.00    
