#      time         order        qbridges     qcdwalls2z   qdaylite     qequip2zon   qhc2zone     qlcwinds2z   qlite        qloss        qocc2zone    qterm2zone
  336.0000000       1.0000       0.0000      -1346.0       0.0000       0.0000       1638.3      -95.429       0.0000       0.0000       0.0000      -201.18    
  336.0277111       1.0000       0.0000      -1347.7       0.0000       0.0000       1640.0      -95.450       0.0000       0.0000       0.0000      -201.25    
  336.0554222       1.0000       0.0000      -1349.3       0.0000       0.0000       1641.7      -95.471       0.0000       0.0000       0.0000      -201.29    
  336.0682198       1.0000       0.0000      -1350.1       0.0000       0.0000       1642.4      -95.480       0.0000       0.0000       0.0000      -201.30    
  336.0682198       1.0000       0.0000      -1350.1       0.0000       0.0000       1642.4      -95.480       0.0000       0.0000       0.0000      -201.30    
  336.0903887       1.0000       0.0000      -1351.4       0.0000       0.0000       1643.8      -95.496       0.0000       0.0000       0.0000      -201.29    
  336.1125575       1.0000       0.0000      -1352.6       0.0000       0.0000       1645.1      -95.512       0.0000       0.0000       0.0000      -201.28    
  336.1568953       1.0000       0.0000      -1355.2       0.0000       0.0000       1647.7      -95.542       0.0000       0.0000       0.0000      -201.25    
  336.2455708       1.0000       0.0000      -1360.2       0.0000       0.0000       1652.8      -95.601       0.0000       0.0000       0.0000      -201.21    
  336.4229219       1.0000       0.0000      -1369.9       0.0000       0.0000       1662.6      -95.702       0.0000       0.0000       0.0000      -201.15    
  336.7776240       1.0000       0.0000      -1387.9       0.0000       0.0000       1681.0      -95.886       0.0000       0.0000       0.0000      -201.10    
  337.0000000       1.0000       0.0000      -1398.8       0.0000       0.0000       1692.0      -95.997       0.0000       0.0000       0.0000      -201.08    
  337.0000000       1.0000       0.0000      -1398.8       0.0000       0.0000       1692.0      -95.997       0.0000       0.0000       0.0000      -201.08    
  337.2837617       1.0000       0.0000      -1411.9       0.0000       0.0000       1705.4      -96.122       0.0000       0.0000       0.0000      -200.92    
  337.5675234       1.0000       0.0000      -1424.4       0.0000       0.0000       1718.0      -96.235       0.0000       0.0000       0.0000      -200.76    
  338.0000000       1.0000       0.0000      -1442.1       0.0000       0.0000       1736.1      -96.395       0.0000       0.0000       0.0000      -200.63    
  338.0000000       1.0000       0.0000      -1442.1       0.0000       0.0000       1736.1      -96.395       0.0000       0.0000       0.0000      -200.63    
  338.2270094       1.0000       0.0000      -1451.1       0.0000       0.0000       1745.2      -96.477       0.0000       0.0000       0.0000      -200.59    
  338.4540187       1.0000       0.0000      -1459.8       0.0000       0.0000       1754.1      -96.559       0.0000       0.0000       0.0000      -200.56    
  338.9080375       1.0000       0.0000      -1476.2       0.0000       0.0000       1770.7      -96.722       0.0000       0.0000       0.0000      -200.57    
  339.0000000       1.0000       0.0000      -1479.4       0.0000       0.0000       1774.0      -96.755       0.0000       0.0000       0.0000      -200.57    
  339.0000000       1.0000       0.0000      -1479.4       0.0000       0.0000       1774.0      -96.755       0.0000       0.0000       0.0000      -200.57    
  339.3632150       1.0000       0.0000      -1491.7       0.0000       0.0000       1786.5      -96.864       0.0000       0.0000       0.0000      -200.39    
  339.7264300       1.0000       0.0000      -1503.4       0.0000       0.0000       1798.4      -96.958       0.0000       0.0000       0.0000      -200.23    
  340.0000000       1.0000       0.0000      -1512.0       0.0000       0.0000       1807.0      -97.025       0.0000       0.0000       0.0000      -200.15    
  340.0000000       1.0000       0.0000      -1512.0       0.0000       0.0000       1807.0      -97.025       0.0000       0.0000       0.0000      -200.15    
  340.2001218       1.0000       0.0000      -1518.0       0.0000       0.0000       1813.1      -97.044       0.0000       0.0000       0.0000      -199.68    
  340.4002436       1.0000       0.0000      -1524.0       0.0000       0.0000       1819.0      -97.032       0.0000       0.0000       0.0000      -199.08    
  340.4264857       1.0000       0.0000      -1524.7       0.0000       0.0000       1819.7      -97.030       0.0000       0.0000       0.0000      -199.00    
  340.4789699       1.0000       0.0000      -1526.3       0.0000       0.0000       1821.3      -97.025       0.0000       0.0000       0.0000      -198.85    
  340.4789699       1.0000       0.0000      -1526.3       0.0000       0.0000       1821.3      -97.025       0.0000       0.0000       0.0000      -198.85    
  340.6390673       1.0000       0.0000      -1530.9       0.0000       0.0000       1825.8      -96.995       0.0000       0.0000       0.0000      -198.45    
  340.7991647       1.0000       0.0000      -1535.4       0.0000       0.0000       1830.3      -96.958       0.0000       0.0000       0.0000      -198.11    
  341.0000000       1.0000       0.0000      -1540.9       0.0000       0.0000       1835.7      -96.906       0.0000       0.0000       0.0000      -197.75    
  341.0000000       1.0000       0.0000      -1540.9       0.0000       0.0000       1835.7      -96.906       0.0000       0.0000       0.0000      -197.75    
  341.0334978       1.0000       0.0000      -1541.9       0.0000       0.0000       1836.6      -96.897       0.0000       0.0000       0.0000      -197.69    
  341.0669955       1.0000       0.0000      -1542.8       0.0000       0.0000       1837.5      -96.888       0.0000       0.0000       0.0000      -197.63    
  341.0986329       1.0000       0.0000      -1543.6       0.0000       0.0000       1838.3      -96.876       0.0000       0.0000       0.0000      -197.44    
  341.1209903       1.0000       0.0000      -1544.2       0.0000       0.0000       1838.9      -96.867       0.0000       0.0000       0.0000      -197.30    
  341.1405617       1.0000       0.0000      -1544.8       0.0000       0.0000       1839.4      -96.859       0.0000       0.0000       0.0000      -197.18    
  341.1612116       1.0000       0.0000      -1545.3       0.0000       0.0000       1839.9      -96.850       0.0000       0.0000       0.0000      -197.06    
  341.1798055       1.0000       0.0000      -1545.8       0.0000       0.0000       1840.4      -96.842       0.0000       0.0000       0.0000      -196.95    
  341.1984890       1.0000       0.0000      -1546.3       0.0000       0.0000       1840.9      -96.833       0.0000       0.0000       0.0000      -196.84    
  341.2164927       1.0000       0.0000      -1546.8       0.0000       0.0000       1841.3      -96.823       0.0000       0.0000       0.0000      -196.74    
  341.2347019       1.0000       0.0000      -1547.3       0.0000       0.0000       1841.8      -96.814       0.0000       0.0000       0.0000      -196.64    
  341.2529417       1.0000       0.0000      -1547.8       0.0000       0.0000       1842.3      -96.803       0.0000       0.0000       0.0000      -196.54    
  341.2719537       1.0000       0.0000      -1548.3       0.0000       0.0000       1842.7      -96.792       0.0000       0.0000       0.0000      -196.43    
  341.2926427       1.0000       0.0000      -1548.8       0.0000       0.0000       1843.3      -96.780       0.0000       0.0000       0.0000      -196.32    
  341.3153501       1.0000       0.0000      -1549.4       0.0000       0.0000       1843.8      -96.765       0.0000       0.0000       0.0000      -196.20    
  341.3408346       1.0000       0.0000      -1550.1       0.0000       0.0000       1844.5      -96.748       0.0000       0.0000       0.0000      -196.07    
  341.3695986       1.0000       0.0000      -1550.8       0.0000       0.0000       1845.2      -96.728       0.0000       0.0000       0.0000      -195.93    
  341.4029150       1.0000       0.0000      -1551.7       0.0000       0.0000       1846.0      -96.704       0.0000       0.0000       0.0000      -195.77    
  341.4420061       1.0000       0.0000      -1552.7       0.0000       0.0000       1846.9      -96.674       0.0000       0.0000       0.0000      -195.58    
  341.4891999       1.0000       0.0000      -1553.9       0.0000       0.0000       1848.1      -96.637       0.0000       0.0000       0.0000      -195.37    
  341.5478014       1.0000       0.0000      -1555.4       0.0000       0.0000       1849.5      -96.589       0.0000       0.0000       0.0000      -195.12    
  341.6239840       1.0000       0.0000      -1557.4       0.0000       0.0000       1851.3      -96.524       0.0000       0.0000       0.0000      -194.81    
  341.7273979       1.0000       0.0000      -1560.0       0.0000       0.0000       1853.8      -96.432       0.0000       0.0000       0.0000      -194.42    
  341.8824781       1.0000       0.0000      -1563.8       0.0000       0.0000       1857.3      -96.290       0.0000       0.0000      1.81672E-06  -193.90    
  342.0000000       1.0000       0.0000      -1566.7       0.0000       0.0000       1860.0      -96.181       0.0000       0.0000      4.41211E-06  -193.54    
  342.0000000       1.0000       0.0000      -1566.7       0.0000       0.0000       1860.0      -96.181       0.0000       0.0000      4.40890E-06  -193.54    
  342.0253099       1.0000       0.0000      -1567.3       0.0000       0.0000       1860.6      -96.157       0.0000       0.0000      6.08273E-06  -193.46    
  342.0506198       1.0000       0.0000      -1567.9       0.0000       0.0000       1861.1      -96.134       0.0000       0.0000      7.75656E-06  -193.39    
  342.1012396       1.0000       0.0000      -1569.1       0.0000       0.0000       1862.2      -96.079       0.0000       0.0000      1.11042E-05  -192.93    
  342.2024792       1.0000       0.0000      -1571.5       0.0000       0.0000       1864.3      -95.946       0.0000       0.0000      1.79088E-05  -191.75    
  342.4049584       1.0000       0.0000      -1576.0       0.0000       0.0000       1868.1      -95.593       0.0000       0.0000      4.04449E-05  -189.75    
  342.8099168       1.0000       0.0000      -1584.8       0.0000       0.0000       1875.3      -94.757       0.0000       0.0000      1.12625E-04  -186.56    
  343.0000000       1.0000       0.0000      -1588.7       0.0000       0.0000       1878.6      -94.347       0.0000       0.0000      1.58716E-04  -186.40    
  343.0000000       1.0000       0.0000      -1588.7       0.0000       0.0000       1878.6      -94.347       0.0000       0.0000      1.58716E-04  -186.40    
  343.0343974       1.0000       0.0000      -4008.9       0.0000       0.0000       6773.2      -110.15       0.0000       0.0000      1.67036E-04  -267.59    
  343.0687947       1.0000       0.0000      -4361.7       0.0000       0.0000       6503.2      -111.49       0.0000       0.0000      1.75371E-04  -325.57    
  343.1011975       1.0000       0.0000      -3893.4       0.0000       0.0000       4863.6      -107.27       0.0000       0.0000      1.83255E-04  -342.23    
  343.1334790       1.0000       0.0000      -3411.2       0.0000       0.0000       3688.5      -103.24       0.0000       0.0000      1.91082E-04  -336.98    
  343.1755055       1.0000       0.0000      -3185.0       0.0000       0.0000       3356.5      -101.13       0.0000       0.0000      2.01273E-04  -326.27    
  343.2407045       1.0000       0.0000      -3204.4       0.0000       0.0000       3568.1      -100.69       0.0000       0.0000      2.15287E-04  -322.35    
  343.3212849       1.0000       0.0000      -3218.7       0.0000       0.0000       3659.3      -100.29       0.0000       0.0000      2.31274E-04  -323.57    
  343.4507502       1.0000       0.0000      -3163.8       0.0000       0.0000       3598.6      -99.453       0.0000       0.0000      2.54721E-04  -324.73    
  343.6548670       1.0000       0.0000      -3077.1       0.0000       0.0000       3505.8      -98.530       0.0000       0.0000      2.83797E-04  -325.37    
  344.0000000       1.0000       0.0000      -2958.6       0.0000       0.0000       3385.5      -97.478       0.0000       0.0000      3.13018E-04  -325.96    
  344.0000000       1.0000       0.0000      -2958.6       0.0000       0.0000       3385.5      -97.478       0.0000       0.0000      3.13018E-04  -325.96    
  344.0275179       1.0000       0.0000      -2949.4       0.0000       0.0000       3376.1      -97.397       0.0000       0.0000      3.13625E-04  -326.00    
  344.0550358       1.0000       0.0000      -2940.3       0.0000       0.0000       3366.9      -97.319       0.0000       0.0000      3.14231E-04  -326.05    
  344.1100716       1.0000       0.0000      -2922.8       0.0000       0.0000       3349.2      -97.171       0.0000       0.0000      3.15444E-04  -326.13    
  344.2201431       1.0000       0.0000      -2889.5       0.0000       0.0000       3315.4      -96.898       0.0000       0.0000      3.17426E-04  -326.27    
  344.4402862       1.0000       0.0000      -2830.1       0.0000       0.0000       3255.1      -96.405       0.0000       0.0000      3.17426E-04  -326.42    
  344.8805725       1.0000       0.0000      -2732.1       0.0000       0.0000       3155.5      -95.478       0.0000       0.0000      3.17425E-04  -326.40    
  345.0000000       1.0000       0.0000      -2707.1       0.0000       0.0000       3130.1      -95.230       0.0000       0.0000      3.17425E-04  -326.37    
  345.0000000       1.0000       0.0000      -2707.1       0.0000       0.0000       3130.1      -95.230       0.0000       0.0000      3.17425E-04  -326.37    
  345.3522290       1.0000       0.0000      -2641.5       0.0000       0.0000       3063.3      -94.539       0.0000       0.0000      3.17425E-04  -326.21    
  345.7044580       1.0000       0.0000      -2581.1       0.0000       0.0000       3001.6      -93.868       0.0000       0.0000      3.17424E-04  -325.96    
  346.0000000       1.0000       0.0000      -2536.3       0.0000       0.0000       2955.9      -93.315       0.0000       0.0000      3.17424E-04  -325.70    
  346.0000000       1.0000       0.0000      -2536.3       0.0000       0.0000       2955.9      -93.315       0.0000       0.0000      3.17424E-04  -325.70    
  346.2817832       1.0000       0.0000      -2498.3       0.0000       0.0000       2917.1      -92.860       0.0000       0.0000      3.17424E-04  -325.51    
  346.5635664       1.0000       0.0000      -2464.1       0.0000       0.0000       2882.2      -92.463       0.0000       0.0000      3.17424E-04  -325.33    
  347.0000000       1.0000       0.0000      -2418.3       0.0000       0.0000       2835.4      -91.901       0.0000       0.0000      3.17424E-04  -325.01    
  347.0000000       1.0000       0.0000      -2418.3       0.0000       0.0000       2835.4      -91.901       0.0000       0.0000      3.17424E-04  -325.01    
  347.2254266       1.0000       0.0000      -2396.4       0.0000       0.0000       2813.1      -91.636       0.0000       0.0000      3.17424E-04  -324.86    
  347.4508531       1.0000       0.0000      -2376.0       0.0000       0.0000       2792.3      -91.392       0.0000       0.0000      3.17424E-04  -324.71    
  347.9017062       1.0000       0.0000      -2339.9       0.0000       0.0000       2755.4      -90.937       0.0000       0.0000      3.17424E-04  -324.41    
  348.0000000       1.0000       0.0000      -2332.3       0.0000       0.0000       2747.6      -90.839       0.0000       0.0000      3.17424E-04  -324.34    
  348.0000000       1.0000       0.0000      -2332.3       0.0000       0.0000       2747.6      -90.839       0.0000       0.0000      3.17424E-04  -324.34    
  348.3606825       1.0000       0.0000      -2306.7       0.0000       0.0000       2721.5      -90.547       0.0000       0.0000      3.17424E-04  -324.16    
  348.7213650       1.0000       0.0000      -2283.2       0.0000       0.0000       2697.6      -90.300       0.0000       0.0000      3.17424E-04  -324.00    
  349.0000000       1.0000       0.0000      -2266.2       0.0000       0.0000       2680.2      -90.123       0.0000       0.0000      3.17424E-04  -323.88    
  349.0000000       1.0000       0.0000      -2266.2       0.0000       0.0000       2680.2      -90.123       0.0000       0.0000      3.17424E-04  -323.88    
  349.2885460       1.0000       0.0000      -2249.6       0.0000       0.0000       2663.5      -90.017       0.0000       0.0000      3.17424E-04  -323.85    
  349.5770920       1.0000       0.0000      -2233.9       0.0000       0.0000       2647.7      -89.973       0.0000       0.0000      3.17424E-04  -323.86    
  350.0000000       1.0000       0.0000      -2212.6       0.0000       0.0000       2626.4      -89.962       0.0000       0.0000      3.17424E-04  -323.86    
  350.0000000       1.0000       0.0000      -2212.6       0.0000       0.0000       2626.4      -89.962       0.0000       0.0000      3.17424E-04  -323.86    
  350.2308368       1.0000       0.0000      -2201.5       0.0000       0.0000       2615.5      -90.020       0.0000       0.0000      3.17424E-04  -323.96    
  350.4616736       1.0000       0.0000      -2190.8       0.0000       0.0000       2605.1      -90.138       0.0000       0.0000      3.17424E-04  -324.10    
  350.9233472       1.0000       0.0000      -2171.0       0.0000       0.0000       2585.8      -90.466       0.0000       0.0000      3.17424E-04  -324.37    
  351.0000000       1.0000       0.0000      -2167.7       0.0000       0.0000       2582.7      -90.522       0.0000       0.0000      3.17424E-04  -324.42    
  351.0000000       1.0000       0.0000      -2167.7       0.0000       0.0000       2582.7      -90.522       0.0000       0.0000      3.17424E-04  -324.42    
  351.3693389       1.0000       0.0000      -2153.0       0.0000       0.0000       2568.5      -90.857       0.0000       0.0000      3.17424E-04  -324.70    
  351.7386777       1.0000       0.0000      -2139.0       0.0000       0.0000       2555.2      -91.228       0.0000       0.0000      3.17424E-04  -324.99    
  352.0000000       1.0000       0.0000      -2129.5       0.0000       0.0000       2546.2      -91.500       0.0000       0.0000      3.17424E-04  -325.20    
  352.0000000       1.0000       0.0000      -2129.5       0.0000       0.0000       2546.2      -91.500       0.0000       0.0000      3.17424E-04  -325.20    
  352.2954711       1.0000       0.0000      -2119.2       0.0000       0.0000       2536.5      -91.842       0.0000       0.0000      3.17424E-04  -325.48    
  352.5909422       1.0000       0.0000      -2109.4       0.0000       0.0000       2527.3      -92.211       0.0000       0.0000      3.17424E-04  -325.77    
  353.0000000       1.0000       0.0000      -2096.6       0.0000       0.0000       2515.5      -92.741       0.0000       0.0000      3.13015E-04  -326.17    
  353.0000000       1.0000       0.0000      -2096.6       0.0000       0.0000       2515.5      -92.741       0.0000       0.0000      3.13015E-04  -326.17    
  353.2363769       1.0000       0.0000      -2089.4       0.0000       0.0000       2509.0      -93.099       0.0000       0.0000      2.95780E-04  -326.49    
  353.4727537       1.0000       0.0000      -2082.6       0.0000       0.0000       2502.9      -93.506       0.0000       0.0000      2.66519E-04  -326.83    
  353.9455075       1.0000       0.0000      -2069.9       0.0000       0.0000       2491.8      -94.394       0.0000       0.0000      1.71925E-04  -327.53    
  354.0000000       1.0000       0.0000      -2068.5       0.0000       0.0000       2490.6      -94.500       0.0000       0.0000      1.58712E-04  -327.61    
  354.0000000       1.0000       0.0000      -2068.5       0.0000       0.0000       2490.6      -94.500       0.0000       0.0000      1.58712E-04  -327.61    
  354.0046236       1.0000       0.0000      -1460.7       0.0000       0.0000       912.24      -90.288       0.0000       0.0000      1.57591E-04  -323.22    
  354.0092473       1.0000       0.0000      -1076.1       0.0000       0.0000      1.12494E-02  -87.655       0.0000       0.0000      1.56470E-04  -316.45    
  354.0134993       1.0000       0.0000      -1029.0       0.0000       0.0000       0.0000      -87.385       0.0000       0.0000      1.55438E-04  -310.46    
  354.0183215       1.0000       0.0000      -978.45       0.0000       0.0000       0.0000      -87.102       0.0000       0.0000      1.54269E-04  -303.93    
  354.0235096       1.0000       0.0000      -927.23       0.0000       0.0000       0.0000      -86.821       0.0000       0.0000      1.53011E-04  -297.20    
  354.0295705       1.0000       0.0000      -871.15       0.0000       0.0000       0.0000      -86.523       0.0000       0.0000      1.51542E-04  -289.73    
  354.0367403       1.0000       0.0000      -809.85       0.0000       0.0000       0.0000      -86.209       0.0000       0.0000      1.49803E-04  -281.38    
  354.0460314       1.0000       0.0000      -737.86       0.0000       0.0000       0.0000      -85.859       0.0000       0.0000      1.47550E-04  -271.33    
  354.0614145       1.0000       0.0000      -635.39       0.0000       0.0000       0.0000      -85.405       0.0000       0.0000      1.43820E-04  -256.47    
  354.0775514       1.0000       0.0000      -543.72       0.0000       0.0000       0.0000      -85.041       0.0000       0.0000      1.39907E-04  -242.58    
  354.0952474       1.0000       0.0000      -454.23       0.0000       0.0000       0.0000      -84.747       0.0000       0.0000      1.35617E-04  -229.15    
  354.1127748       1.0000       0.0000      -380.75       0.0000       0.0000       0.0000      -84.545       0.0000       0.0000      1.31367E-04  -217.32    
  354.1321040       1.0000       0.0000      -318.45       0.0000       0.0000       0.0000      -84.404       0.0000       0.0000      1.26680E-04  -205.70    
  354.1528446       1.0000       0.0000      -259.91       0.0000       0.0000       0.0000      -84.316       0.0000       0.0000      1.21651E-04  -194.67    
  354.1760775       1.0000       0.0000      -203.34       0.0000       0.0000       0.0000      -84.281       0.0000       0.0000      1.16017E-04  -183.85    
  354.2020327       1.0000       0.0000      -343.74       0.0000       0.0000       429.73      -85.622       0.0000       0.0000      1.09813E-04  -179.28    
  354.2319561       1.0000       0.0000      -609.01       0.0000       0.0000       1048.4      -87.834       0.0000       0.0000      1.03877E-04  -184.27    
  354.2669690       1.0000       0.0000      -696.48       0.0000       0.0000       1167.8      -88.810       0.0000       0.0000      9.69305E-05  -190.95    
  354.3090002       1.0000       0.0000      -658.24       0.0000       0.0000       1007.7      -88.882       0.0000       0.0000      8.85920E-05  -193.77    
  354.3607550       1.0000       0.0000      -618.22       0.0000       0.0000       888.98      -88.908       0.0000       0.0000      7.83244E-05  -193.24    
  354.4273817       1.0000       0.0000      -624.37       0.0000       0.0000       892.36      -89.234       0.0000       0.0000      6.63135E-05  -192.41    
  354.5171632       1.0000       0.0000      -651.12       0.0000       0.0000       931.49      -89.675       0.0000       0.0000      5.24599E-05  -192.36    
  354.6460732       1.0000       0.0000      -681.48       0.0000       0.0000       964.69      -90.096       0.0000       0.0000      3.45999E-05  -192.57    
  354.8495059       1.0000       0.0000      -722.69       0.0000       0.0000       1006.1      -90.526       0.0000       0.0000      1.43608E-05  -192.81    
  355.0000000       1.0000       0.0000      -752.66       0.0000       0.0000       1036.4      -90.782       0.0000       0.0000      4.40866E-06  -192.98    
  355.0000000       1.0000       0.0000      -752.67       0.0000       0.0000       1036.4      -90.782       0.0000       0.0000      4.40866E-06  -192.98    
  355.0034017       1.0000       0.0000      -753.44       0.0000       0.0000       1037.1      -90.788       0.0000       0.0000      4.33368E-06  -192.98    
  355.0068033       1.0000       0.0000      -754.21       0.0000       0.0000       1037.8      -90.794       0.0000       0.0000      4.25869E-06  -192.98    
  355.0136066       1.0000       0.0000      -755.75       0.0000       0.0000       1039.2      -90.806       0.0000       0.0000      4.10872E-06  -192.99    
  355.0272133       1.0000       0.0000      -758.87       0.0000       0.0000       1042.2      -90.829       0.0000       0.0000      3.80879E-06  -193.00    
  355.0544265       1.0000       0.0000      -765.44       0.0000       0.0000       1049.0      -90.875       0.0000       0.0000      3.20892E-06  -193.02    
  355.1088531       1.0000       0.0000      -778.75       0.0000       0.0000       1062.8      -90.963       0.0000       0.0000      2.00918E-06  -193.06    
  355.2177062       1.0000       0.0000      -804.69       0.0000       0.0000       1089.0      -91.114       0.0000       0.0000       0.0000      -193.17    
  355.4354123       1.0000       0.0000      -854.95       0.0000       0.0000       1139.7      -91.376       0.0000       0.0000       0.0000      -193.36    
  355.8708247       1.0000       0.0000      -930.45       0.0000       0.0000       1216.1      -91.815       0.0000       0.0000       0.0000      -193.77    
  356.0000000       1.0000       0.0000      -952.21       0.0000       0.0000       1238.1      -91.945       0.0000       0.0000       0.0000      -193.89    
  356.0000000       1.0000       0.0000      -952.21       0.0000       0.0000       1238.1      -91.945       0.0000       0.0000       0.0000      -193.89    
  356.3483299       1.0000       0.0000      -1005.3       0.0000       0.0000       1291.8      -92.292       0.0000       0.0000       0.0000      -194.20    
  356.6966597       1.0000       0.0000      -1053.6       0.0000       0.0000       1340.8      -92.644       0.0000       0.0000       0.0000      -194.52    
  357.0000000       1.0000       0.0000      -1092.4       0.0000       0.0000       1380.2      -92.953       0.0000       0.0000       0.0000      -194.79    
  357.0000000       1.0000       0.0000      -1092.4       0.0000       0.0000       1380.2      -92.953       0.0000       0.0000       0.0000      -194.79    
  357.2786639       1.0000       0.0000      -1125.4       0.0000       0.0000       1413.6      -93.215       0.0000       0.0000       0.0000      -195.00    
  357.5573278       1.0000       0.0000      -1155.9       0.0000       0.0000       1444.6      -93.457       0.0000       0.0000       0.0000      -195.20    
  358.0000000       1.0000       0.0000      -1199.0       0.0000       0.0000       1488.4      -93.824       0.0000       0.0000       0.0000      -195.51    
  358.0000000       1.0000       0.0000      -1199.0       0.0000       0.0000       1488.4      -93.824       0.0000       0.0000       0.0000      -195.51    
  358.2229311       1.0000       0.0000      -1219.5       0.0000       0.0000       1509.2      -94.007       0.0000       0.0000       0.0000      -195.66    
  358.4458622       1.0000       0.0000      -1238.9       0.0000       0.0000       1528.9      -94.191       0.0000       0.0000       0.0000      -196.59    
  358.4664365       1.0000       0.0000      -1240.6       0.0000       0.0000       1530.7      -94.208       0.0000       0.0000       0.0000      -196.72    
  358.5075852       1.0000       0.0000      -1244.2       0.0000       0.0000       1534.3      -94.242       0.0000       0.0000       0.0000      -196.98    
  358.5075852       1.0000       0.0000      -1244.2       0.0000       0.0000       1534.3      -94.242       0.0000       0.0000       0.0000      -196.98    
  358.6859301       1.0000       0.0000      -1258.7       0.0000       0.0000       1549.1      -94.391       0.0000       0.0000       0.0000      -197.91    
  358.8642750       1.0000       0.0000      -1272.6       0.0000       0.0000       1563.3      -94.542       0.0000       0.0000       0.0000      -198.71    
  359.0000000       1.0000       0.0000      -1282.8       0.0000       0.0000       1573.7      -94.657       0.0000       0.0000       0.0000      -199.25    
  359.0000000       1.0000       0.0000      -1282.8       0.0000       0.0000       1573.7      -94.657       0.0000       0.0000       0.0000      -199.25    
  359.1426759       1.0000       0.0000      -1293.1       0.0000       0.0000       1584.3      -94.776       0.0000       0.0000       0.0000      -199.69    
  359.2853518       1.0000       0.0000      -1303.1       0.0000       0.0000       1594.4      -94.890       0.0000       0.0000       0.0000      -200.03    
  359.5707036       1.0000       0.0000      -1321.8       0.0000       0.0000       1613.5      -95.109       0.0000       0.0000       0.0000      -200.57    
  360.0000000       1.0000       0.0000      -1347.4       0.0000       0.0000       1639.7      -95.427       0.0000       0.0000       0.0000      -201.18    
