#      time         order        tairmean     top       
  336.0000000       1.0000       19.000       18.119    
  336.0277111       1.0000       19.000       18.118    
  336.0554222       1.0000       19.000       18.118    
  336.0682198       1.0000       19.000       18.117    
  336.0682198       1.0000       19.000       18.117    
  336.0903887       1.0000       19.000       18.117    
  336.1125575       1.0000       19.000       18.117    
  336.1568953       1.0000       19.000       18.116    
  336.2455708       1.0000       19.000       18.114    
  336.4229219       1.0000       19.000       18.111    
  336.7776240       1.0000       19.000       18.106    
  337.0000000       1.0000       19.000       18.102    
  337.0000000       1.0000       19.000       18.102    
  337.2837617       1.0000       19.000       18.098    
  337.5675234       1.0000       19.000       18.094    
  338.0000000       1.0000       19.000       18.088    
  338.0000000       1.0000       19.000       18.088    
  338.2270094       1.0000       19.000       18.085    
  338.4540187       1.0000       19.000       18.083    
  338.9080375       1.0000       19.000       18.077    
  339.0000000       1.0000       19.000       18.076    
  339.0000000       1.0000       19.000       18.076    
  339.3632150       1.0000       19.000       18.072    
  339.7264300       1.0000       19.000       18.068    
  340.0000000       1.0000       19.000       18.065    
  340.0000000       1.0000       19.000       18.065    
  340.2001218       1.0000       19.000       18.063    
  340.4002436       1.0000       19.000       18.061    
  340.4264857       1.0000       19.000       18.061    
  340.4789699       1.0000       19.000       18.060    
  340.4789699       1.0000       19.000       18.060    
  340.6390673       1.0000       19.000       18.059    
  340.7991647       1.0000       19.000       18.057    
  341.0000000       1.0000       19.000       18.055    
  341.0000000       1.0000       19.000       18.055    
  341.0334978       1.0000       19.000       18.055    
  341.0669955       1.0000       19.000       18.055    
  341.0986329       1.0000       19.000       18.054    
  341.1209903       1.0000       19.000       18.054    
  341.1405617       1.0000       19.000       18.054    
  341.1612116       1.0000       19.000       18.054    
  341.1798055       1.0000       19.000       18.054    
  341.1984890       1.0000       19.000       18.053    
  341.2164927       1.0000       19.000       18.053    
  341.2347019       1.0000       19.000       18.053    
  341.2529417       1.0000       19.000       18.053    
  341.2719537       1.0000       19.000       18.053    
  341.2926427       1.0000       19.000       18.052    
  341.3153501       1.0000       19.000       18.052    
  341.3408346       1.0000       19.000       18.052    
  341.3695986       1.0000       19.000       18.052    
  341.4029150       1.0000       19.000       18.051    
  341.4420061       1.0000       19.000       18.051    
  341.4891999       1.0000       19.000       18.051    
  341.5478014       1.0000       19.000       18.050    
  341.6239840       1.0000       19.000       18.049    
  341.7273979       1.0000       19.000       18.048    
  341.8824781       1.0000       19.000       18.047    
  342.0000000       1.0000       19.000       18.046    
  342.0000000       1.0000       19.000       18.046    
  342.0253099       1.0000       19.000       18.046    
  342.0506198       1.0000       19.000       18.046    
  342.1012396       1.0000       19.000       18.045    
  342.2024792       1.0000       19.000       18.044    
  342.4049584       1.0000       19.000       18.042    
  342.8099168       1.0000       19.000       18.039    
  343.0000000       1.0000       19.000       18.038    
  343.0000000       1.0000       19.000       18.038    
  343.0343974       1.0000       20.193       19.816    
  343.0687947       1.0000       21.045       20.238    
  343.1011975       1.0000       21.287       20.013    
  343.1334790       1.0000       21.206       19.711    
  343.1755055       1.0000       21.045       19.557    
  343.2407045       1.0000       20.982       19.585    
  343.3212849       1.0000       20.994       19.632    
  343.4507502       1.0000       21.003       19.651    
  343.6548670       1.0000       21.003       19.671    
  344.0000000       1.0000       21.002       19.701    
  344.0000000       1.0000       21.002       19.701    
  344.0275179       1.0000       21.002       19.703    
  344.0550358       1.0000       21.002       19.705    
  344.1100716       1.0000       21.002       19.710    
  344.2201431       1.0000       21.002       19.719    
  344.4402862       1.0000       21.002       19.735    
  344.8805725       1.0000       21.001       19.762    
  345.0000000       1.0000       21.001       19.769    
  345.0000000       1.0000       21.001       19.769    
  345.3522290       1.0000       21.001       19.786    
  345.7044580       1.0000       21.001       19.800    
  346.0000000       1.0000       21.001       19.811    
  346.0000000       1.0000       21.001       19.811    
  346.2817832       1.0000       21.001       19.820    
  346.5635664       1.0000       21.001       19.828    
  347.0000000       1.0000       21.001       19.840    
  347.0000000       1.0000       21.001       19.840    
  347.2254266       1.0000       21.001       19.846    
  347.4508531       1.0000       21.001       19.851    
  347.9017062       1.0000       21.000       19.861    
  348.0000000       1.0000       21.000       19.863    
  348.0000000       1.0000       21.000       19.863    
  348.3606825       1.0000       21.000       19.870    
  348.7213650       1.0000       21.000       19.877    
  349.0000000       1.0000       21.000       19.881    
  349.0000000       1.0000       21.000       19.881    
  349.2885460       1.0000       21.000       19.886    
  349.5770920       1.0000       21.000       19.891    
  350.0000000       1.0000       21.000       19.897    
  350.0000000       1.0000       21.000       19.897    
  350.2308368       1.0000       21.000       19.901    
  350.4616736       1.0000       21.000       19.904    
  350.9233472       1.0000       21.000       19.910    
  351.0000000       1.0000       21.000       19.912    
  351.0000000       1.0000       21.000       19.912    
  351.3693389       1.0000       21.000       19.916    
  351.7386777       1.0000       21.000       19.921    
  352.0000000       1.0000       21.000       19.924    
  352.0000000       1.0000       21.000       19.924    
  352.2954711       1.0000       21.000       19.927    
  352.5909422       1.0000       21.000       19.931    
  353.0000000       1.0000       21.000       19.935    
  353.0000000       1.0000       21.000       19.935    
  353.2363769       1.0000       21.000       19.937    
  353.4727537       1.0000       21.000       19.940    
  353.9455075       1.0000       21.000       19.944    
  354.0000000       1.0000       21.000       19.944    
  354.0000000       1.0000       21.000       19.944    
  354.0046236       1.0000       20.935       19.554    
  354.0092473       1.0000       20.835       19.294    
  354.0134993       1.0000       20.747       19.244    
  354.0183215       1.0000       20.651       19.191    
  354.0235096       1.0000       20.551       19.135    
  354.0295705       1.0000       20.441       19.074    
  354.0367403       1.0000       20.318       19.005    
  354.0460314       1.0000       20.169       18.922    
  354.0614145       1.0000       19.950       18.800    
  354.0775514       1.0000       19.745       18.685    
  354.0952474       1.0000       19.547       18.573    
  354.1127748       1.0000       19.372       18.474    
  354.1321040       1.0000       19.200       18.378    
  354.1528446       1.0000       19.037       18.285    
  354.1760775       1.0000       18.877       18.193    
  354.2020327       1.0000       18.810       18.248    
  354.2319561       1.0000       18.883       18.420    
  354.2669690       1.0000       18.981       18.493    
  354.3090002       1.0000       19.022       18.469    
  354.3607550       1.0000       19.013       18.427    
  354.4273817       1.0000       19.000       18.407    
  354.5171632       1.0000       18.998       18.396    
  354.6460732       1.0000       18.999       18.380    
  354.8495059       1.0000       18.999       18.354    
  355.0000000       1.0000       18.999       18.336    
  355.0000000       1.0000       18.999       18.336    
  355.0034017       1.0000       18.999       18.335    
  355.0068033       1.0000       18.999       18.335    
  355.0136066       1.0000       18.999       18.334    
  355.0272133       1.0000       18.999       18.333    
  355.0544265       1.0000       18.999       18.330    
  355.1088531       1.0000       18.999       18.324    
  355.2177062       1.0000       18.999       18.315    
  355.4354123       1.0000       18.999       18.297    
  355.8708247       1.0000       18.999       18.265    
  356.0000000       1.0000       18.999       18.256    
  356.0000000       1.0000       18.999       18.256    
  356.3483299       1.0000       18.999       18.235    
  356.6966597       1.0000       18.999       18.217    
  357.0000000       1.0000       18.999       18.202    
  357.0000000       1.0000       18.999       18.202    
  357.2786639       1.0000       18.999       18.191    
  357.5573278       1.0000       18.999       18.180    
  358.0000000       1.0000       18.999       18.166    
  358.0000000       1.0000       18.999       18.166    
  358.2229311       1.0000       18.999       18.159    
  358.4458622       1.0000       18.999       18.153    
  358.4664365       1.0000       19.000       18.152    
  358.5075852       1.0000       19.000       18.151    
  358.5075852       1.0000       19.000       18.151    
  358.6859301       1.0000       19.000       18.146    
  358.8642750       1.0000       19.000       18.142    
  359.0000000       1.0000       19.000       18.138    
  359.0000000       1.0000       19.000       18.138    
  359.1426759       1.0000       19.000       18.135    
  359.2853518       1.0000       19.000       18.132    
  359.5707036       1.0000       19.000       18.126    
  360.0000000       1.0000       19.000       18.118    
