#      time         order        boil_q_1     boil_q_2     chil_q1      chil_q2      loccool      locheat      qdomwat   
  336.0000000       1.0000       7736.1       0.0000      4.20117E-11   0.0000       0.0000       21828.       0.0000    
  336.0277111       1.0000       7742.4       0.0000      4.20117E-11   0.0000       0.0000       21845.       0.0000    
  336.0554222       1.0000       7747.8       0.0000      4.20117E-11   0.0000       0.0000       21862.       0.0000    
  336.0682198       1.0000       7750.2       0.0000      4.20117E-11   0.0000       0.0000       21870.       0.0000    
  336.0682198       1.0000       7750.2       0.0000      4.20117E-11   0.0000       0.0000       21870.       0.0000    
  336.0903887       1.0000       7753.3       0.0000      4.20117E-11   0.0000       0.0000       21883.       0.0000    
  336.1125575       1.0000       7756.3       0.0000      4.20117E-11   0.0000       0.0000       21896.       0.0000    
  336.1568953       1.0000       7762.4       0.0000      4.20117E-11   0.0000       0.0000       21923.       0.0000    
  336.2455708       1.0000       7774.4       0.0000      4.20117E-11   0.0000       0.0000       21974.       0.0000    
  336.4229219       1.0000       7798.4       0.0000      4.20117E-11   0.0000       0.0000       22073.       0.0000    
  336.7776240       1.0000       7846.1       0.0000      4.20117E-11   0.0000       0.0000       22256.       0.0000    
  337.0000000       1.0000       7875.8       0.0000      4.20117E-11   0.0000       0.0000       22367.       0.0000    
  337.0000000       1.0000       7875.8       0.0000      4.20117E-11   0.0000       0.0000       22367.       0.0000    
  337.2837617       1.0000       7907.4       0.0000      4.20117E-11   0.0000       0.0000       22500.       0.0000    
  337.5675234       1.0000       7936.6       0.0000      4.20117E-11   0.0000       0.0000       22627.       0.0000    
  338.0000000       1.0000       7980.6       0.0000      4.20117E-11   0.0000       0.0000       22809.       0.0000    
  338.0000000       1.0000       7980.6       0.0000      4.20117E-11   0.0000       0.0000       22809.       0.0000    
  338.2270094       1.0000       8003.5       0.0000      4.20117E-11   0.0000       0.0000       22901.       0.0000    
  338.4540187       1.0000       8026.4       0.0000      4.20117E-11   0.0000       0.0000       22990.       0.0000    
  338.9080375       1.0000       8071.8       0.0000      4.20117E-11   0.0000       0.0000       23159.       0.0000    
  339.0000000       1.0000       8081.0       0.0000      4.20117E-11   0.0000       0.0000       23193.       0.0000    
  339.0000000       1.0000       8081.0       0.0000      4.20117E-11   0.0000       0.0000       23193.       0.0000    
  339.3632150       1.0000       8108.5       0.0000      4.20117E-11   0.0000       0.0000       23319.       0.0000    
  339.7264300       1.0000       8133.5       0.0000      4.20117E-11   0.0000       0.0000       23439.       0.0000    
  340.0000000       1.0000       8152.2       0.0000      4.20117E-11   0.0000       0.0000       23527.       0.0000    
  340.0000000       1.0000       8152.2       0.0000      4.20117E-11   0.0000       0.0000       23527.       0.0000    
  340.2001218       1.0000       8150.4       0.0000      4.20117E-11   0.0000       0.0000       23588.       0.0000    
  340.4002436       1.0000       8140.2       0.0000      4.20117E-11   0.0000       0.0000       23645.       0.0000    
  340.4264857       1.0000       8138.8       0.0000      4.20117E-11   0.0000       0.0000       23652.       0.0000    
  340.4789699       1.0000       8136.2       0.0000      4.20117E-11   0.0000       0.0000       23667.       0.0000    
  340.4789699       1.0000       8136.2       0.0000      4.20117E-11   0.0000       0.0000       23667.       0.0000    
  340.6390673       1.0000       8125.4       0.0000      4.20117E-11   0.0000       0.0000       23710.       0.0000    
  340.7991647       1.0000       8114.9       0.0000      4.20117E-11   0.0000       0.0000       23752.       0.0000    
  341.0000000       1.0000       8101.7       0.0000      4.20117E-11   0.0000       0.0000       23803.       0.0000    
  341.0000000       1.0000       8101.7       0.0000      4.20117E-11   0.0000       0.0000       23803.       0.0000    
  341.0334978       1.0000       8099.5       0.0000      4.20117E-11   0.0000       0.0000       23812.       0.0000    
  341.0669955       1.0000       8097.3       0.0000      4.20117E-11   0.0000       0.0000       23820.       0.0000    
  341.0986329       1.0000       8090.2       0.0000      4.20117E-11   0.0000       0.0000       23828.       0.0000    
  341.1209903       1.0000       8085.1       0.0000      4.20117E-11   0.0000       0.0000       23833.       0.0000    
  341.1405617       1.0000       8080.6       0.0000      4.20117E-11   0.0000       0.0000       23838.       0.0000    
  341.1612116       1.0000       8075.8       0.0000      4.20117E-11   0.0000       0.0000       23842.       0.0000    
  341.1798055       1.0000       8071.6       0.0000      4.20117E-11   0.0000       0.0000       23847.       0.0000    
  341.1984890       1.0000       8067.3       0.0000      4.20117E-11   0.0000       0.0000       23851.       0.0000    
  341.2164927       1.0000       8063.1       0.0000      4.20117E-11   0.0000       0.0000       23855.       0.0000    
  341.2347019       1.0000       8058.9       0.0000      4.20117E-11   0.0000       0.0000       23859.       0.0000    
  341.2529417       1.0000       8054.7       0.0000      4.20117E-11   0.0000       0.0000       23863.       0.0000    
  341.2719537       1.0000       8050.4       0.0000      4.20117E-11   0.0000       0.0000       23867.       0.0000    
  341.2926427       1.0000       8045.6       0.0000      4.20117E-11   0.0000       0.0000       23872.       0.0000    
  341.3153501       1.0000       8040.4       0.0000      4.20117E-11   0.0000       0.0000       23877.       0.0000    
  341.3408346       1.0000       8034.5       0.0000      4.20117E-11   0.0000       0.0000       23882.       0.0000    
  341.3695986       1.0000       8027.9       0.0000      4.20117E-11   0.0000       0.0000       23888.       0.0000    
  341.4029150       1.0000       8020.2       0.0000      4.20117E-11   0.0000       0.0000       23895.       0.0000    
  341.4420061       1.0000       8011.2       0.0000      4.20117E-11   0.0000       0.0000       23903.       0.0000    
  341.4891999       1.0000       8000.4       0.0000      4.20117E-11   0.0000       0.0000       23913.       0.0000    
  341.5478014       1.0000       7986.9       0.0000      4.20117E-11   0.0000       0.0000       23925.       0.0000    
  341.6239840       1.0000       7969.4       0.0000      4.20117E-11   0.0000       0.0000       23940.       0.0000    
  341.7273979       1.0000       7945.6       0.0000      4.20117E-11   0.0000       0.0000       23960.       0.0000    
  341.8824781       1.0000       7909.9       0.0000      4.20117E-11   0.0000       0.0000       23988.       0.0000    
  342.0000000       1.0000       7882.9       0.0000      4.20117E-11   0.0000       0.0000       24010.       0.0000    
  342.0000000       1.0000       7882.9       0.0000      4.20117E-11   0.0000       0.0000       24010.       0.0000    
  342.0253099       1.0000       7877.0       0.0000      4.20117E-11   0.0000       0.0000       24014.       0.0000    
  342.0506198       1.0000       7871.2       0.0000      4.20117E-11   0.0000       0.0000       24019.       0.0000    
  342.1012396       1.0000       7848.7       0.0000      4.20117E-11   0.0000       0.0000       24027.       0.0000    
  342.2024792       1.0000       7792.2       0.0000      4.20117E-11   0.0000       0.0000       24041.       0.0000    
  342.4049584       1.0000       7679.1       0.0000      4.20117E-11   0.0000       0.0000       24063.       0.0000    
  342.8099168       1.0000       7452.8       0.0000      4.20117E-11   0.0000       0.0000       24095.       0.0000    
  343.0000000       1.0000       7346.5       0.0000      4.20117E-11   0.0000       0.0000       24109.       0.0000    
  343.0000000       1.0000       7346.5       0.0000      4.20117E-11   0.0000       0.0000       24109.       0.0000    
  343.0343953       1.0000       6590.5       0.0000      4.20117E-11   0.0000       0.0000       73270.       0.0000    
  343.0687906       1.0000       6052.5       0.0000      4.20117E-11   0.0000       0.0000       70811.       0.0000    
  343.1011780       1.0000       5889.2       0.0000      4.20117E-11   0.0000       0.0000       54481.       0.0000    
  343.1334435       1.0000       5921.9       0.0000      4.20117E-11   0.0000       0.0000       42627.       0.0000    
  343.1754500       1.0000       5996.3       0.0000      4.20117E-11   0.0000       0.0000       39128.       0.0000    
  343.2406228       1.0000       5994.6       0.0000      4.20117E-11   0.0000       0.0000       41132.       0.0000    
  343.3212050       1.0000       5936.8       0.0000      4.20117E-11   0.0000       0.0000       42008.       0.0000    
  343.4506987       1.0000       5850.4       0.0000      4.20117E-11   0.0000       0.0000       41350.       0.0000    
  343.6548112       1.0000       5722.9       0.0000      4.20117E-11   0.0000       0.0000       40358.       0.0000    
  344.0000000       1.0000       5540.2       0.0000      4.20117E-11   0.0000       0.0000       39094.       0.0000    
  344.0000000       1.0000       5540.2       0.0000      4.20117E-11   0.0000       0.0000       39094.       0.0000    
  344.0275162       1.0000       5533.2       0.0000      4.20117E-11   0.0000       0.0000       38996.       0.0000    
  344.0550325       1.0000       5526.2       0.0000      4.20117E-11   0.0000       0.0000       38900.       0.0000    
  344.1100650       1.0000       5513.4       0.0000      4.20117E-11   0.0000       0.0000       38714.       0.0000    
  344.2201299       1.0000       5488.5       0.0000      4.20117E-11   0.0000       0.0000       38364.       0.0000    
  344.4402598       1.0000       5438.7       0.0000      4.20117E-11   0.0000       0.0000       37743.       0.0000    
  344.8805197       1.0000       5339.0       0.0000      4.20117E-11   0.0000       0.0000       36722.       0.0000    
  345.0000000       1.0000       5312.0       0.0000      4.20117E-11   0.0000       0.0000       36461.       0.0000    
  345.0000000       1.0000       5312.0       0.0000      4.20117E-11   0.0000       0.0000       36461.       0.0000    
  345.3522079       1.0000       5239.8       0.0000      4.20117E-11   0.0000       0.0000       35791.       0.0000    
  345.7044157       1.0000       5169.3       0.0000      4.20117E-11   0.0000       0.0000       35201.       0.0000    
  346.0000000       1.0000       5110.2       0.0000      4.20117E-11   0.0000       0.0000       34750.       0.0000    
  346.0000000       1.0000       5110.2       0.0000      4.20117E-11   0.0000       0.0000       34750.       0.0000    
  346.2817663       1.0000       5068.1       0.0000      4.20117E-11   0.0000       0.0000       34357.       0.0000    
  346.5635326       1.0000       5030.6       0.0000      4.20117E-11   0.0000       0.0000       34000.       0.0000    
  347.0000000       1.0000       4972.4       0.0000      4.20117E-11   0.0000       0.0000       33520.       0.0000    
  347.0000000       1.0000       4972.4       0.0000      4.20117E-11   0.0000       0.0000       33520.       0.0000    
  347.2254130       1.0000       4946.5       0.0000      4.20117E-11   0.0000       0.0000       33292.       0.0000    
  347.4508261       1.0000       4922.5       0.0000      4.20117E-11   0.0000       0.0000       33079.       0.0000    
  347.9016521       1.0000       4874.4       0.0000      4.20117E-11   0.0000       0.0000       32701.       0.0000    
  348.0000000       1.0000       4863.9       0.0000      4.20117E-11   0.0000       0.0000       32620.       0.0000    
  348.0000000       1.0000       4863.9       0.0000      4.20117E-11   0.0000       0.0000       32620.       0.0000    
  348.3606609       1.0000       4837.1       0.0000      4.20117E-11   0.0000       0.0000       32354.       0.0000    
  348.7213217       1.0000       4813.1       0.0000      4.20117E-11   0.0000       0.0000       32111.       0.0000    
  349.0000000       1.0000       4794.5       0.0000      4.20117E-11   0.0000       0.0000       31933.       0.0000    
  349.0000000       1.0000       4794.5       0.0000      4.20117E-11   0.0000       0.0000       31933.       0.0000    
  349.2885287       1.0000       4790.0       0.0000      4.20117E-11   0.0000       0.0000       31766.       0.0000    
  349.5770574       1.0000       4790.0       0.0000      4.20117E-11   0.0000       0.0000       31610.       0.0000    
  350.0000000       1.0000       4790.0       0.0000      4.20117E-11   0.0000       0.0000       31401.       0.0000    
  350.0000000       1.0000       4790.0       0.0000      4.20117E-11   0.0000       0.0000       31401.       0.0000    
  350.2308229       1.0000       4803.0       0.0000      4.20117E-11   0.0000       0.0000       31297.       0.0000    
  350.4616459       1.0000       4821.5       0.0000      4.20117E-11   0.0000       0.0000       31200.       0.0000    
  350.9232918       1.0000       4858.4       0.0000      4.20117E-11   0.0000       0.0000       31026.       0.0000    
  351.0000000       1.0000       4864.6       0.0000      4.20117E-11   0.0000       0.0000       30997.       0.0000    
  351.0000000       1.0000       4864.6       0.0000      4.20117E-11   0.0000       0.0000       30997.       0.0000    
  351.3693167       1.0000       4902.2       0.0000      4.20117E-11   0.0000       0.0000       30873.       0.0000    
  351.7386334       1.0000       4941.6       0.0000      4.20117E-11   0.0000       0.0000       30759.       0.0000    
  352.0000000       1.0000       4969.5       0.0000      4.20117E-11   0.0000       0.0000       30682.       0.0000    
  352.0000000       1.0000       4969.5       0.0000      4.20117E-11   0.0000       0.0000       30682.       0.0000    
  352.2954534       1.0000       5007.1       0.0000      4.20117E-11   0.0000       0.0000       30602.       0.0000    
  352.5909067       1.0000       5046.5       0.0000      4.20117E-11   0.0000       0.0000       30528.       0.0000    
  353.0000000       1.0000       5101.1       0.0000      4.20117E-11   0.0000       0.0000       30435.       0.0000    
  353.0000000       1.0000       5101.1       0.0000      4.20117E-11   0.0000       0.0000       30435.       0.0000    
  353.2363627       1.0000       5143.8       0.0000      4.20117E-11   0.0000       0.0000       30388.       0.0000    
  353.4727254       1.0000       5191.1       0.0000      4.20117E-11   0.0000       0.0000       30346.       0.0000    
  353.9454508       1.0000       5285.7       0.0000      4.20117E-11   0.0000       0.0000       30277.       0.0000    
  354.0000000       1.0000       5296.6       0.0000      4.20117E-11   0.0000       0.0000       30270.       0.0000    
  354.0000000       1.0000       5296.6       0.0000      4.20117E-11   0.0000       0.0000       30270.       0.0000    
  354.0046237       1.0000       5320.8       0.0000      4.20117E-11   0.0000       0.0000       14484.       0.0000    
  354.0092475       1.0000       5364.7       0.0000      4.20117E-11   0.0000       0.0000       1178.3       0.0000    
  354.0134996       1.0000       5405.7       0.0000      4.20117E-11   0.0000       0.0000       0.0000       0.0000    
  354.0183218       1.0000       5449.9       0.0000      4.20117E-11   0.0000       0.0000       0.0000       0.0000    
  354.0235101       1.0000       5495.1       0.0000      4.20117E-11   0.0000       0.0000       0.0000       0.0000    
  354.0295713       1.0000       5545.0       0.0000      4.20117E-11   0.0000       0.0000       0.0000       0.0000    
  354.0367419       1.0000       5600.3       0.0000      4.20117E-11   0.0000       0.0000       0.0000       0.0000    
  354.0460349       1.0000       5666.9       0.0000      4.20117E-11   0.0000       0.0000       0.0000       0.0000    
  354.0614279       1.0000       5765.2       0.0000      4.20117E-11   0.0000       0.0000       0.0000       0.0000    
  354.0775729       1.0000       5863.5       0.0000      4.20117E-11   0.0000       0.0000       0.0000       0.0000    
  354.0952766       1.0000       6013.7       0.0000      4.20117E-11   0.0000       0.0000       0.0000       0.0000    
  354.1128115       1.0000       6148.2       0.0000      4.20117E-11   0.0000       0.0000       0.0000       0.0000    
  354.1321496       1.0000       6272.5       0.0000      4.20117E-11   0.0000       0.0000       894.63       0.0000    
  354.1529005       1.0000       6333.0       0.0000      4.20117E-11   0.0000       0.0000       6600.9       0.0000    
  354.1761510       1.0000       6315.7       0.0000      4.20117E-11   0.0000       0.0000       13560.       0.0000    
  354.2021222       1.0000       6263.1       0.0000      4.20117E-11   0.0000       0.0000       16791.       0.0000    
  354.2320602       1.0000       6216.3       0.0000      4.20117E-11   0.0000       0.0000       16868.       0.0000    
  354.2670946       1.0000       6208.6       0.0000      4.20117E-11   0.0000       0.0000       14877.       0.0000    
  354.3091523       1.0000       6232.8       0.0000      4.20117E-11   0.0000       0.0000       13491.       0.0000    
  354.3610320       1.0000       6263.2       0.0000      4.20117E-11   0.0000       0.0000       13477.       0.0000    
  354.4278502       1.0000       6290.0       0.0000      4.20117E-11   0.0000       0.0000       13974.       0.0000    
  354.5178893       1.0000       6321.4       0.0000      4.20117E-11   0.0000       0.0000       14345.       0.0000    
  354.6471901       1.0000       6367.7       0.0000      4.20117E-11   0.0000       0.0000       14704.       0.0000    
  354.8514402       1.0000       6441.6       0.0000      4.20117E-11   0.0000       0.0000       15274.       0.0000    
  355.0000000       1.0000       6495.3       0.0000      4.20117E-11   0.0000       0.0000       15669.       0.0000    
  355.0000000       1.0000       6495.3       0.0000      4.20117E-11   0.0000       0.0000       15669.       0.0000    
  355.0034017       1.0000       6496.5       0.0000      4.20117E-11   0.0000       0.0000       15678.       0.0000    
  355.0068033       1.0000       6497.7       0.0000      4.20117E-11   0.0000       0.0000       15687.       0.0000    
  355.0136067       1.0000       6500.2       0.0000      4.20117E-11   0.0000       0.0000       15705.       0.0000    
  355.0272133       1.0000       6505.1       0.0000      4.20117E-11   0.0000       0.0000       15740.       0.0000    
  355.0544267       1.0000       6514.9       0.0000      4.20117E-11   0.0000       0.0000       15811.       0.0000    
  355.1088533       1.0000       6531.9       0.0000      4.20117E-11   0.0000       0.0000       15951.       0.0000    
  355.2177067       1.0000       6564.1       0.0000      4.20117E-11   0.0000       0.0000       16211.       0.0000    
  355.4354134       1.0000       6628.5       0.0000      4.20117E-11   0.0000       0.0000       16698.       0.0000    
  355.8708268       1.0000       6757.2       0.0000      4.20117E-11   0.0000       0.0000       17518.       0.0000    
  356.0000000       1.0000       6795.4       0.0000      4.20117E-11   0.0000       0.0000       17753.       0.0000    
  356.0000000       1.0000       6795.4       0.0000      4.20117E-11   0.0000       0.0000       17753.       0.0000    
  356.3483307       1.0000       6898.4       0.0000      4.20117E-11   0.0000       0.0000       18319.       0.0000    
  356.6966614       1.0000       7001.4       0.0000      4.20117E-11   0.0000       0.0000       18828.       0.0000    
  357.0000000       1.0000       7091.1       0.0000      4.20117E-11   0.0000       0.0000       19234.       0.0000    
  357.0000000       1.0000       7091.1       0.0000      4.20117E-11   0.0000       0.0000       19234.       0.0000    
  357.2786646       1.0000       7159.7       0.0000      4.20117E-11   0.0000       0.0000       19575.       0.0000    
  357.5573291       1.0000       7223.8       0.0000      4.20117E-11   0.0000       0.0000       19888.       0.0000    
  358.0000000       1.0000       7325.7       0.0000      4.20117E-11   0.0000       0.0000       20326.       0.0000    
  358.0000000       1.0000       7325.7       0.0000      4.20117E-11   0.0000       0.0000       20326.       0.0000    
  358.2229317       1.0000       7376.9       0.0000      4.20117E-11   0.0000       0.0000       20534.       0.0000    
  358.4458633       1.0000       7428.2       0.0000      4.20117E-11   0.0000       0.0000       20730.       0.0000    
  358.4664374       1.0000       7433.0       0.0000      4.20117E-11   0.0000       0.0000       20748.       0.0000    
  358.5075855       1.0000       7442.4       0.0000      4.20117E-11   0.0000       0.0000       20784.       0.0000    
  358.5075855       1.0000       7442.4       0.0000      4.20117E-11   0.0000       0.0000       20784.       0.0000    
  358.6859308       1.0000       7478.6       0.0000      4.20117E-11   0.0000       0.0000       20932.       0.0000    
  358.8642762       1.0000       7516.0       0.0000      4.20117E-11   0.0000       0.0000       21073.       0.0000    
  359.0000000       1.0000       7544.8       0.0000      4.20117E-11   0.0000       0.0000       21178.       0.0000    
  359.0000000       1.0000       7544.8       0.0000      4.20117E-11   0.0000       0.0000       21178.       0.0000    
  359.1426763       1.0000       7573.4       0.0000      4.20117E-11   0.0000       0.0000       21283.       0.0000    
  359.2853525       1.0000       7600.2       0.0000      4.20117E-11   0.0000       0.0000       21385.       0.0000    
  359.5707050       1.0000       7654.5       0.0000      4.20117E-11   0.0000       0.0000       21577.       0.0000    
  360.0000000       1.0000       7736.1       0.0000      4.20117E-11   0.0000       0.0000       21840.       0.0000    
