#      time         order        eflooravg 
  336.0000000       1.0000       0.0000    
  336.0277111       1.0000       0.0000    
  336.0554222       1.0000       0.0000    
  336.0682198       1.0000       0.0000    
  336.0682198       1.0000       0.0000    
  336.0903887       1.0000       0.0000    
  336.1125575       1.0000       0.0000    
  336.1568953       1.0000       0.0000    
  336.2455708       1.0000       0.0000    
  336.4229219       1.0000       0.0000    
  336.7776240       1.0000       0.0000    
  337.0000000       1.0000       0.0000    
  337.0000000       1.0000       0.0000    
  337.2837617       1.0000       0.0000    
  337.5675234       1.0000       0.0000    
  338.0000000       1.0000       0.0000    
  338.0000000       1.0000       0.0000    
  338.2270094       1.0000       0.0000    
  338.4540187       1.0000       0.0000    
  338.9080375       1.0000       0.0000    
  339.0000000       1.0000       0.0000    
  339.0000000       1.0000       0.0000    
  339.3632150       1.0000       0.0000    
  339.7264300       1.0000       0.0000    
  340.0000000       1.0000       0.0000    
  340.0000000       1.0000       0.0000    
  340.2001218       1.0000       0.0000    
  340.4002436       1.0000       0.0000    
  340.4264857       1.0000       0.0000    
  340.4789699       1.0000       0.0000    
  340.4789699       1.0000       0.0000    
  340.6390673       1.0000       0.0000    
  340.7991647       1.0000       0.0000    
  341.0000000       1.0000       0.0000    
  341.0000000       1.0000       0.0000    
  341.0334978       1.0000       0.0000    
  341.0669955       1.0000       0.0000    
  341.0986329       1.0000       0.0000    
  341.1209903       1.0000       0.0000    
  341.1405617       1.0000       0.0000    
  341.1612116       1.0000       0.0000    
  341.1798055       1.0000       0.0000    
  341.1984890       1.0000       0.0000    
  341.2164927       1.0000       0.0000    
  341.2347019       1.0000       0.0000    
  341.2529417       1.0000       0.0000    
  341.2719537       1.0000       0.0000    
  341.2926427       1.0000       0.0000    
  341.3153501       1.0000       0.0000    
  341.3408346       1.0000       0.0000    
  341.3695986       1.0000       0.0000    
  341.4029150       1.0000       0.0000    
  341.4420061       1.0000       0.0000    
  341.4891999       1.0000       0.0000    
  341.5478014       1.0000       0.0000    
  341.6239840       1.0000       0.0000    
  341.7273979       1.0000       0.0000    
  341.8824781       1.0000       0.0000    
  342.0000000       1.0000       0.0000    
  342.0000000       1.0000       0.0000    
  342.0253099       1.0000       0.0000    
  342.0506198       1.0000       0.0000    
  342.1012396       1.0000       0.0000    
  342.2024792       1.0000       0.0000    
  342.4049584       1.0000       0.0000    
  342.8099168       1.0000       0.0000    
  343.0000000       1.0000       0.0000    
  343.0000000       1.0000       0.0000    
  343.0343953       1.0000       0.0000    
  343.0687906       1.0000       0.0000    
  343.1011780       1.0000       0.0000    
  343.1334435       1.0000       0.0000    
  343.1754500       1.0000       0.0000    
  343.2406228       1.0000       0.0000    
  343.3212050       1.0000       0.0000    
  343.4506987       1.0000       0.0000    
  343.6548112       1.0000       0.0000    
  344.0000000       1.0000       0.0000    
  344.0000000       1.0000       0.0000    
  344.0275162       1.0000       0.0000    
  344.0550325       1.0000       0.0000    
  344.1100650       1.0000       0.0000    
  344.2201299       1.0000       0.0000    
  344.4402598       1.0000       0.0000    
  344.8805197       1.0000       0.0000    
  345.0000000       1.0000       0.0000    
  345.0000000       1.0000       0.0000    
  345.3522079       1.0000       0.0000    
  345.7044157       1.0000       0.0000    
  346.0000000       1.0000       0.0000    
  346.0000000       1.0000       0.0000    
  346.2817663       1.0000       0.0000    
  346.5635326       1.0000       0.0000    
  347.0000000       1.0000       0.0000    
  347.0000000       1.0000       0.0000    
  347.2254130       1.0000       0.0000    
  347.4508261       1.0000       0.0000    
  347.9016521       1.0000       0.0000    
  348.0000000       1.0000       0.0000    
  348.0000000       1.0000       0.0000    
  348.3606609       1.0000       0.0000    
  348.7213217       1.0000       0.0000    
  349.0000000       1.0000       0.0000    
  349.0000000       1.0000       0.0000    
  349.2885287       1.0000       0.0000    
  349.5770574       1.0000       0.0000    
  350.0000000       1.0000       0.0000    
  350.0000000       1.0000       0.0000    
  350.2308229       1.0000       0.0000    
  350.4616459       1.0000       0.0000    
  350.9232918       1.0000       0.0000    
  351.0000000       1.0000       0.0000    
  351.0000000       1.0000       0.0000    
  351.3693167       1.0000       0.0000    
  351.7386334       1.0000       0.0000    
  352.0000000       1.0000       0.0000    
  352.0000000       1.0000       0.0000    
  352.2954534       1.0000       0.0000    
  352.5909067       1.0000       0.0000    
  353.0000000       1.0000       0.0000    
  353.0000000       1.0000       0.0000    
  353.2363627       1.0000       0.0000    
  353.4727254       1.0000       0.0000    
  353.9454508       1.0000       0.0000    
  354.0000000       1.0000       0.0000    
  354.0000000       1.0000       0.0000    
  354.0046237       1.0000       0.0000    
  354.0092475       1.0000       0.0000    
  354.0134996       1.0000       0.0000    
  354.0183218       1.0000       0.0000    
  354.0235101       1.0000       0.0000    
  354.0295713       1.0000       0.0000    
  354.0367419       1.0000       0.0000    
  354.0460349       1.0000       0.0000    
  354.0614279       1.0000       0.0000    
  354.0775729       1.0000       0.0000    
  354.0952766       1.0000       0.0000    
  354.1128115       1.0000       0.0000    
  354.1321496       1.0000       0.0000    
  354.1529005       1.0000       0.0000    
  354.1761510       1.0000       0.0000    
  354.2021222       1.0000       0.0000    
  354.2320602       1.0000       0.0000    
  354.2670946       1.0000       0.0000    
  354.3091523       1.0000       0.0000    
  354.3610320       1.0000       0.0000    
  354.4278502       1.0000       0.0000    
  354.5178893       1.0000       0.0000    
  354.6471901       1.0000       0.0000    
  354.8514402       1.0000       0.0000    
  355.0000000       1.0000       0.0000    
  355.0000000       1.0000       0.0000    
  355.0034017       1.0000       0.0000    
  355.0068033       1.0000       0.0000    
  355.0136067       1.0000       0.0000    
  355.0272133       1.0000       0.0000    
  355.0544267       1.0000       0.0000    
  355.1088533       1.0000       0.0000    
  355.2177067       1.0000       0.0000    
  355.4354134       1.0000       0.0000    
  355.8708268       1.0000       0.0000    
  356.0000000       1.0000       0.0000    
  356.0000000       1.0000       0.0000    
  356.3483307       1.0000       0.0000    
  356.6966614       1.0000       0.0000    
  357.0000000       1.0000       0.0000    
  357.0000000       1.0000       0.0000    
  357.2786646       1.0000       0.0000    
  357.5573291       1.0000       0.0000    
  358.0000000       1.0000       0.0000    
  358.0000000       1.0000       0.0000    
  358.2229317       1.0000       0.0000    
  358.4458633       1.0000       0.0000    
  358.4664374       1.0000       0.0000    
  358.5075855       1.0000       0.0000    
  358.5075855       1.0000       0.0000    
  358.6859308       1.0000       0.0000    
  358.8642762       1.0000       0.0000    
  359.0000000       1.0000       0.0000    
  359.0000000       1.0000       0.0000    
  359.1426763       1.0000       0.0000    
  359.2853525       1.0000       0.0000    
  359.5707050       1.0000       0.0000    
  360.0000000       1.0000       0.0000    
