#      time         order        air_age      relhum       xco2vol   
  336.0000000       1.0000      0.96922      8.68102E-02   400.00    
  336.0277111       1.0000      0.96922      8.67555E-02   400.00    
  336.0554222       1.0000      0.96922      8.67005E-02   400.00    
  336.0682198       1.0000      0.96922      8.66750E-02   400.00    
  336.0682198       1.0000      0.96922      8.66750E-02   400.00    
  336.0903887       1.0000      0.96921      8.66311E-02   400.00    
  336.1125575       1.0000      0.96921      8.65875E-02   400.00    
  336.1568953       1.0000      0.96921      8.65009E-02   400.00    
  336.2455708       1.0000      0.96921      8.63295E-02   400.00    
  336.4229219       1.0000      0.96920      8.59999E-02   400.00    
  336.7776240       1.0000      0.96919      8.53712E-02   400.00    
  337.0000000       1.0000      0.96918      8.49875E-02   400.00    
  337.0000000       1.0000      0.96918      8.49875E-02   400.00    
  337.2837617       1.0000      0.96917      8.45295E-02   400.00    
  337.5675234       1.0000      0.96916      8.41022E-02   400.00    
  338.0000000       1.0000      0.96915      8.35009E-02   400.00    
  338.0000000       1.0000      0.96915      8.35009E-02   400.00    
  338.2270094       1.0000      0.96914      8.31965E-02   400.00    
  338.4540187       1.0000      0.96914      8.29016E-02   400.00    
  338.9080375       1.0000      0.96913      8.23377E-02   400.00    
  339.0000000       1.0000      0.96912      8.22245E-02   400.00    
  339.0000000       1.0000      0.96912      8.22245E-02   400.00    
  339.3632150       1.0000      0.96912      8.18189E-02   400.00    
  339.7264300       1.0000      0.96911      8.14507E-02   400.00    
  340.0000000       1.0000      0.96910      8.11900E-02   400.00    
  340.0000000       1.0000      0.96910      8.11900E-02   400.00    
  340.2001218       1.0000      0.96910      8.10399E-02   400.00    
  340.4002436       1.0000      0.96910      8.09407E-02   400.00    
  340.4264857       1.0000      0.96910      8.09285E-02   400.00    
  340.4789699       1.0000      0.96910      8.09059E-02   400.00    
  340.4789699       1.0000      0.96910      8.09059E-02   400.00    
  340.6390673       1.0000      0.96910      8.08677E-02   400.00    
  340.7991647       1.0000      0.96910      8.08518E-02   400.00    
  341.0000000       1.0000      0.96910      8.08608E-02   400.00    
  341.0000000       1.0000      0.96910      8.08608E-02   400.00    
  341.0334978       1.0000      0.96910      8.08631E-02   400.00    
  341.0669955       1.0000      0.96910      8.08661E-02   400.00    
  341.0986329       1.0000      0.96910      8.08714E-02   400.00    
  341.1209903       1.0000      0.96910      8.08764E-02   400.00    
  341.1405617       1.0000      0.96910      8.08816E-02   400.00    
  341.1612116       1.0000      0.96910      8.08882E-02   400.00    
  341.1798055       1.0000      0.96910      8.08949E-02   400.00    
  341.1984890       1.0000      0.96910      8.09024E-02   400.00    
  341.2164927       1.0000      0.96910      8.09104E-02   400.00    
  341.2347019       1.0000      0.96910      8.09192E-02   400.00    
  341.2529417       1.0000      0.96910      8.09288E-02   400.00    
  341.2719537       1.0000      0.96910      8.09395E-02   400.00    
  341.2926427       1.0000      0.96910      8.09520E-02   400.00    
  341.3153501       1.0000      0.96910      8.09668E-02   400.00    
  341.3408346       1.0000      0.96910      8.09847E-02   400.00    
  341.3695986       1.0000      0.96910      8.10065E-02   400.00    
  341.4029150       1.0000      0.96910      8.10338E-02   400.00    
  341.4420061       1.0000      0.96910      8.10686E-02   400.00    
  341.4891999       1.0000      0.96910      8.11144E-02   400.00    
  341.5478014       1.0000      0.96910      8.11766E-02   400.00    
  341.6239840       1.0000      0.96910      8.12665E-02   400.00    
  341.7273979       1.0000      0.96911      8.14023E-02   400.00    
  341.8824781       1.0000      0.96911      8.16359E-02   400.00    
  342.0000000       1.0000      0.96911      8.18276E-02   400.00    
  342.0000000       1.0000      0.96911      8.18276E-02   400.00    
  342.0253099       1.0000      0.96912      8.18696E-02   400.00    
  342.0506198       1.0000      0.96912      8.19122E-02   400.00    
  342.1012396       1.0000      0.96912      8.20061E-02   400.00    
  342.2024792       1.0000      0.96912      8.22287E-02   400.00    
  342.4049584       1.0000      0.96914      8.28466E-02   400.00    
  342.8099168       1.0000      0.96917      8.44928E-02   400.00    
  343.0000000       1.0000      0.96919      8.52730E-02   400.00    
  343.0000000       1.0000      0.96919      8.52730E-02   400.00    
  343.0343953       1.0000      0.96919      7.93291E-02   400.00    
  343.0687906       1.0000      0.96919      7.53916E-02   400.00    
  343.1011780       1.0000      0.96919      7.43638E-02   400.00    
  343.1334435       1.0000      0.96920      7.48150E-02   400.00    
  343.1754500       1.0000      0.96920      7.56851E-02   400.00    
  343.2406228       1.0000      0.96920      7.61751E-02   400.00    
  343.3212050       1.0000      0.96921      7.63352E-02   400.00    
  343.4506987       1.0000      0.96921      7.65936E-02   400.00    
  343.6548112       1.0000      0.96922      7.69849E-02   400.00    
  344.0000000       1.0000      0.96924      7.74759E-02   400.00    
  344.0000000       1.0000      0.96924      7.74759E-02   400.00    
  344.0275162       1.0000      0.96924      7.75139E-02   400.00    
  344.0550325       1.0000      0.96924      7.75508E-02   400.00    
  344.1100650       1.0000      0.96924      7.76205E-02   400.00    
  344.2201299       1.0000      0.96924      7.77473E-02   400.00    
  344.4402598       1.0000      0.96925      7.79512E-02   400.00    
  344.8805197       1.0000      0.96925      7.82323E-02   400.00    
  345.0000000       1.0000      0.96925      7.83000E-02   400.00    
  345.0000000       1.0000      0.96925      7.83000E-02   400.00    
  345.3522079       1.0000      0.96926      7.84465E-02   400.00    
  345.7044157       1.0000      0.96926      7.85540E-02   400.00    
  346.0000000       1.0000      0.96926      7.86232E-02   400.00    
  346.0000000       1.0000      0.96926      7.86232E-02   400.00    
  346.2817663       1.0000      0.96926      7.86743E-02   400.00    
  346.5635326       1.0000      0.96926      7.87139E-02   400.00    
  347.0000000       1.0000      0.96927      7.87563E-02   400.00    
  347.0000000       1.0000      0.96927      7.87563E-02   400.00    
  347.2254130       1.0000      0.96927      7.87742E-02   400.00    
  347.4508261       1.0000      0.96927      7.87887E-02   400.00    
  347.9016521       1.0000      0.96927      7.88085E-02   400.00    
  348.0000000       1.0000      0.96927      7.88124E-02   400.00    
  348.0000000       1.0000      0.96927      7.88124E-02   400.00    
  348.3606609       1.0000      0.96927      7.88229E-02   400.00    
  348.7213217       1.0000      0.96927      7.88306E-02   400.00    
  349.0000000       1.0000      0.96927      7.88353E-02   400.00    
  349.0000000       1.0000      0.96927      7.88353E-02   400.00    
  349.2885287       1.0000      0.96927      7.88390E-02   400.00    
  349.5770574       1.0000      0.96927      7.88420E-02   400.00    
  350.0000000       1.0000      0.96927      7.88449E-02   400.00    
  350.0000000       1.0000      0.96927      7.88449E-02   400.00    
  350.2308229       1.0000      0.96927      7.88463E-02   400.00    
  350.4616459       1.0000      0.96927      7.88475E-02   400.00    
  350.9232918       1.0000      0.96927      7.88490E-02   400.00    
  351.0000000       1.0000      0.96927      7.88492E-02   400.00    
  351.0000000       1.0000      0.96927      7.88492E-02   400.00    
  351.3693167       1.0000      0.96927      7.88500E-02   400.00    
  351.7386334       1.0000      0.96927      7.88506E-02   400.00    
  352.0000000       1.0000      0.96927      7.88510E-02   400.00    
  352.0000000       1.0000      0.96927      7.88510E-02   400.00    
  352.2954534       1.0000      0.96927      7.88513E-02   400.00    
  352.5909067       1.0000      0.96927      7.88516E-02   400.00    
  353.0000000       1.0000      0.96927      7.88518E-02   400.00    
  353.0000000       1.0000      0.96927      7.88518E-02   400.00    
  353.2363627       1.0000      0.96927      7.88520E-02   400.00    
  353.4727254       1.0000      0.96927      7.88522E-02   400.00    
  353.9454508       1.0000      0.96927      7.88523E-02   400.00    
  354.0000000       1.0000      0.96927      7.88523E-02   400.00    
  354.0000000       1.0000      0.96927      7.88523E-02   400.00    
  354.0046237       1.0000      0.96927      7.91656E-02   400.00    
  354.0092475       1.0000      0.96927      7.97635E-02   400.00    
  354.0134996       1.0000      0.96927      8.03650E-02   400.00    
  354.0183218       1.0000      0.96927      8.10246E-02   400.00    
  354.0235101       1.0000      0.96927      8.17094E-02   400.00    
  354.0295713       1.0000      0.96927      8.24767E-02   400.00    
  354.0367419       1.0000      0.96927      8.33413E-02   400.00    
  354.0460349       1.0000      0.96927      8.43946E-02   400.00    
  354.0614279       1.0000      0.96927      8.59749E-02   400.00    
  354.0775729       1.0000      0.96927      8.74794E-02   400.00    
  354.0952766       1.0000      0.96927      8.89654E-02   400.00    
  354.1128115       1.0000      0.96927      9.03071E-02   400.00    
  354.1321496       1.0000      0.96927      9.12475E-02   400.00    
  354.1529005       1.0000      0.96927      9.10517E-02   400.00    
  354.1761510       1.0000      0.96927      9.01803E-02   400.00    
  354.2021222       1.0000      0.96927      8.93184E-02   400.00    
  354.2320602       1.0000      0.96927      8.89165E-02   400.00    
  354.2670946       1.0000      0.96927      8.89823E-02   400.00    
  354.3091523       1.0000      0.96927      8.91945E-02   400.00    
  354.3610320       1.0000      0.96927      8.92932E-02   400.00    
  354.4278502       1.0000      0.96927      8.92828E-02   400.00    
  354.5178893       1.0000      0.96927      8.92638E-02   400.00    
  354.6471901       1.0000      0.96927      8.92620E-02   400.00    
  354.8514402       1.0000      0.96927      8.92622E-02   400.00    
  355.0000000       1.0000      0.96927      8.92607E-02   400.00    
  355.0000000       1.0000      0.96927      8.92607E-02   400.00    
  355.0034017       1.0000      0.96927      8.92607E-02   400.00    
  355.0068033       1.0000      0.96927      8.92607E-02   400.00    
  355.0136067       1.0000      0.96927      8.92606E-02   400.00    
  355.0272133       1.0000      0.96927      8.92605E-02   400.00    
  355.0544267       1.0000      0.96927      8.92605E-02   400.00    
  355.1088533       1.0000      0.96927      8.92603E-02   400.00    
  355.2177067       1.0000      0.96927      8.92600E-02   400.00    
  355.4354134       1.0000      0.96927      8.92594E-02   400.00    
  355.8708268       1.0000      0.96927      8.92584E-02   400.00    
  356.0000000       1.0000      0.96927      8.92582E-02   400.00    
  356.0000000       1.0000      0.96927      8.92582E-02   400.00    
  356.3483307       1.0000      0.96927      8.92576E-02   400.00    
  356.6966614       1.0000      0.96927      8.92571E-02   400.00    
  357.0000000       1.0000      0.96927      8.92567E-02   400.00    
  357.0000000       1.0000      0.96927      8.92567E-02   400.00    
  357.2786646       1.0000      0.96927      8.92563E-02   400.00    
  357.5573291       1.0000      0.96927      8.92559E-02   400.00    
  358.0000000       1.0000      0.96927      8.92555E-02   400.00    
  358.0000000       1.0000      0.96927      8.92555E-02   400.00    
  358.2229317       1.0000      0.96927      8.92553E-02   400.00    
  358.4458633       1.0000      0.96927      8.91784E-02   400.00    
  358.4664374       1.0000      0.96927      8.91702E-02   400.00    
  358.5075855       1.0000      0.96927      8.91518E-02   400.00    
  358.5075855       1.0000      0.96927      8.91518E-02   400.00    
  358.6859308       1.0000      0.96926      8.89988E-02   400.00    
  358.8642762       1.0000      0.96926      8.87919E-02   400.00    
  359.0000000       1.0000      0.96925      8.86073E-02   400.00    
  359.0000000       1.0000      0.96925      8.86073E-02   400.00    
  359.1426763       1.0000      0.96925      8.83910E-02   400.00    
  359.2853525       1.0000      0.96925      8.81590E-02   400.00    
  359.5707050       1.0000      0.96924      8.76475E-02   400.00    
  360.0000000       1.0000      0.96922      8.68102E-02   400.00    
