#      time         order        air_age      relhum       xco2vol   
  336.0000000       1.0000      0.96922      8.68101E-02   400.00    
  336.0277111       1.0000      0.96922      8.67554E-02   400.00    
  336.0554222       1.0000      0.96922      8.67004E-02   400.00    
  336.0682198       1.0000      0.96922      8.66749E-02   400.00    
  336.0682198       1.0000      0.96922      8.66749E-02   400.00    
  336.0903887       1.0000      0.96921      8.66310E-02   400.00    
  336.1125575       1.0000      0.96921      8.65874E-02   400.00    
  336.1568953       1.0000      0.96921      8.65008E-02   400.00    
  336.2455708       1.0000      0.96921      8.63294E-02   400.00    
  336.4229219       1.0000      0.96920      8.59999E-02   400.00    
  336.7776240       1.0000      0.96919      8.53712E-02   400.00    
  337.0000000       1.0000      0.96918      8.49875E-02   400.00    
  337.0000000       1.0000      0.96918      8.49875E-02   400.00    
  337.2837617       1.0000      0.96917      8.45295E-02   400.00    
  337.5675234       1.0000      0.96916      8.41022E-02   400.00    
  338.0000000       1.0000      0.96915      8.35009E-02   400.00    
  338.0000000       1.0000      0.96915      8.35009E-02   400.00    
  338.2270094       1.0000      0.96914      8.31965E-02   400.00    
  338.4540187       1.0000      0.96914      8.29016E-02   400.00    
  338.9080375       1.0000      0.96913      8.23377E-02   400.00    
  339.0000000       1.0000      0.96912      8.22245E-02   400.00    
  339.0000000       1.0000      0.96912      8.22245E-02   400.00    
  339.3632150       1.0000      0.96912      8.18190E-02   400.00    
  339.7264300       1.0000      0.96911      8.14507E-02   400.00    
  340.0000000       1.0000      0.96910      8.11900E-02   400.00    
  340.0000000       1.0000      0.96910      8.11900E-02   400.00    
  340.2001218       1.0000      0.96910      8.10399E-02   400.00    
  340.4002436       1.0000      0.96910      8.09408E-02   400.00    
  340.4264857       1.0000      0.96910      8.09286E-02   400.00    
  340.4789699       1.0000      0.96910      8.09060E-02   400.00    
  340.4789699       1.0000      0.96910      8.09060E-02   400.00    
  340.6390673       1.0000      0.96910      8.08679E-02   400.00    
  340.7991647       1.0000      0.96910      8.08520E-02   400.00    
  341.0000000       1.0000      0.96910      8.08610E-02   400.00    
  341.0000000       1.0000      0.96910      8.08610E-02   400.00    
  341.0334978       1.0000      0.96910      8.08633E-02   400.00    
  341.0669955       1.0000      0.96910      8.08663E-02   400.00    
  341.0986329       1.0000      0.96910      8.08716E-02   400.00    
  341.1209903       1.0000      0.96910      8.08766E-02   400.00    
  341.1405617       1.0000      0.96910      8.08818E-02   400.00    
  341.1612116       1.0000      0.96910      8.08884E-02   400.00    
  341.1798055       1.0000      0.96910      8.08951E-02   400.00    
  341.1984890       1.0000      0.96910      8.09027E-02   400.00    
  341.2164927       1.0000      0.96910      8.09107E-02   400.00    
  341.2347019       1.0000      0.96910      8.09195E-02   400.00    
  341.2529417       1.0000      0.96910      8.09290E-02   400.00    
  341.2719537       1.0000      0.96910      8.09397E-02   400.00    
  341.2926427       1.0000      0.96910      8.09523E-02   400.00    
  341.3153501       1.0000      0.96910      8.09671E-02   400.00    
  341.3408346       1.0000      0.96910      8.09850E-02   400.00    
  341.3695986       1.0000      0.96910      8.10068E-02   400.00    
  341.4029150       1.0000      0.96910      8.10341E-02   400.00    
  341.4420061       1.0000      0.96910      8.10689E-02   400.00    
  341.4891999       1.0000      0.96910      8.11147E-02   400.00    
  341.5478014       1.0000      0.96910      8.11770E-02   400.00    
  341.6239840       1.0000      0.96910      8.12669E-02   400.00    
  341.7273979       1.0000      0.96911      8.14027E-02   400.00    
  341.8824781       1.0000      0.96911      8.16362E-02   400.00    
  342.0000000       1.0000      0.96911      8.18280E-02   400.00    
  342.0000000       1.0000      0.96911      8.18280E-02   400.00    
  342.0253099       1.0000      0.96912      8.18699E-02   400.00    
  342.0506198       1.0000      0.96912      8.19126E-02   400.00    
  342.1012396       1.0000      0.96912      8.20065E-02   400.00    
  342.2024792       1.0000      0.96912      8.22292E-02   400.00    
  342.4049584       1.0000      0.96914      8.28472E-02   400.00    
  342.8099168       1.0000      0.96917      8.44935E-02   400.00    
  343.0000000       1.0000      0.96919      8.52738E-02   400.00    
  343.0000000       1.0000      0.96919      8.52738E-02   400.00    
  343.0343953       1.0000      0.96919      7.93025E-02   400.00    
  343.0687906       1.0000      0.96919      7.53641E-02   400.00    
  343.1011780       1.0000      0.96919      7.43574E-02   400.00    
  343.1334435       1.0000      0.96920      7.48283E-02   400.00    
  343.1754500       1.0000      0.96920      7.57027E-02   400.00    
  343.2406228       1.0000      0.96920      7.61826E-02   400.00    
  343.3212050       1.0000      0.96921      7.63375E-02   400.00    
  343.4506987       1.0000      0.96921      7.65955E-02   400.00    
  343.6548112       1.0000      0.96922      7.69864E-02   400.00    
  344.0000000       1.0000      0.96924      7.74770E-02   400.00    
  344.0000000       1.0000      0.96924      7.74770E-02   400.00    
  344.0275162       1.0000      0.96924      7.75150E-02   400.00    
  344.0550325       1.0000      0.96924      7.75519E-02   400.00    
  344.1100650       1.0000      0.96924      7.76216E-02   400.00    
  344.2201299       1.0000      0.96924      7.77483E-02   400.00    
  344.4402598       1.0000      0.96925      7.79521E-02   400.00    
  344.8805197       1.0000      0.96925      7.82331E-02   400.00    
  345.0000000       1.0000      0.96925      7.83008E-02   400.00    
  345.0000000       1.0000      0.96925      7.83008E-02   400.00    
  345.3522079       1.0000      0.96926      7.84470E-02   400.00    
  345.7044157       1.0000      0.96926      7.85544E-02   400.00    
  346.0000000       1.0000      0.96926      7.86237E-02   400.00    
  346.0000000       1.0000      0.96926      7.86237E-02   400.00    
  346.2817663       1.0000      0.96926      7.86749E-02   400.00    
  346.5635326       1.0000      0.96926      7.87146E-02   400.00    
  347.0000000       1.0000      0.96927      7.87570E-02   400.00    
  347.0000000       1.0000      0.96927      7.87570E-02   400.00    
  347.2254130       1.0000      0.96927      7.87748E-02   400.00    
  347.4508261       1.0000      0.96927      7.87893E-02   400.00    
  347.9016521       1.0000      0.96927      7.88091E-02   400.00    
  348.0000000       1.0000      0.96927      7.88130E-02   400.00    
  348.0000000       1.0000      0.96927      7.88130E-02   400.00    
  348.3606609       1.0000      0.96927      7.88235E-02   400.00    
  348.7213217       1.0000      0.96927      7.88312E-02   400.00    
  349.0000000       1.0000      0.96927      7.88358E-02   400.00    
  349.0000000       1.0000      0.96927      7.88358E-02   400.00    
  349.2885287       1.0000      0.96927      7.88395E-02   400.00    
  349.5770574       1.0000      0.96927      7.88423E-02   400.00    
  350.0000000       1.0000      0.96927      7.88453E-02   400.00    
  350.0000000       1.0000      0.96927      7.88453E-02   400.00    
  350.2308229       1.0000      0.96927      7.88466E-02   400.00    
  350.4616459       1.0000      0.96927      7.88477E-02   400.00    
  350.9232918       1.0000      0.96927      7.88491E-02   400.00    
  351.0000000       1.0000      0.96927      7.88493E-02   400.00    
  351.0000000       1.0000      0.96927      7.88493E-02   400.00    
  351.3693167       1.0000      0.96927      7.88501E-02   400.00    
  351.7386334       1.0000      0.96927      7.88507E-02   400.00    
  352.0000000       1.0000      0.96927      7.88510E-02   400.00    
  352.0000000       1.0000      0.96927      7.88510E-02   400.00    
  352.2954534       1.0000      0.96927      7.88513E-02   400.00    
  352.5909067       1.0000      0.96927      7.88515E-02   400.00    
  353.0000000       1.0000      0.96927      7.88518E-02   400.00    
  353.0000000       1.0000      0.96927      7.88518E-02   400.00    
  353.2363627       1.0000      0.96927      7.88519E-02   400.00    
  353.4727254       1.0000      0.96927      7.88520E-02   400.00    
  353.9454508       1.0000      0.96927      7.88521E-02   400.00    
  354.0000000       1.0000      0.96927      7.88521E-02   400.00    
  354.0000000       1.0000      0.96927      7.88521E-02   400.00    
  354.0046237       1.0000      0.96927      7.91676E-02   400.00    
  354.0092475       1.0000      0.96927      7.96485E-02   400.00    
  354.0134996       1.0000      0.96927      8.00776E-02   400.00    
  354.0183218       1.0000      0.96927      8.05477E-02   400.00    
  354.0235101       1.0000      0.96927      8.10353E-02   400.00    
  354.0295713       1.0000      0.96927      8.15813E-02   400.00    
  354.0367419       1.0000      0.96927      8.21962E-02   400.00    
  354.0460349       1.0000      0.96927      8.29446E-02   400.00    
  354.0614279       1.0000      0.96927      8.40658E-02   400.00    
  354.0775729       1.0000      0.96927      8.51305E-02   400.00    
  354.0952766       1.0000      0.96927      8.61748E-02   400.00    
  354.1128115       1.0000      0.96927      8.71060E-02   400.00    
  354.1321496       1.0000      0.96927      8.80338E-02   400.00    
  354.1529005       1.0000      0.96927      8.89267E-02   400.00    
  354.1761510       1.0000      0.96927      8.98129E-02   400.00    
  354.2021222       1.0000      0.96927      9.03100E-02   400.00    
  354.2320602       1.0000      0.96927      8.99538E-02   400.00    
  354.2670946       1.0000      0.96927      8.93971E-02   400.00    
  354.3091523       1.0000      0.96927      8.91408E-02   400.00    
  354.3610320       1.0000      0.96927      8.91759E-02   400.00    
  354.4278502       1.0000      0.96927      8.92513E-02   400.00    
  354.5178893       1.0000      0.96927      8.92657E-02   400.00    
  354.6471901       1.0000      0.96927      8.92604E-02   400.00    
  354.8514402       1.0000      0.96927      8.92585E-02   400.00    
  355.0000000       1.0000      0.96927      8.92582E-02   400.00    
  355.0000000       1.0000      0.96927      8.92582E-02   400.00    
  355.0034017       1.0000      0.96927      8.92582E-02   400.00    
  355.0068033       1.0000      0.96927      8.92582E-02   400.00    
  355.0136067       1.0000      0.96927      8.92582E-02   400.00    
  355.0272133       1.0000      0.96927      8.92585E-02   400.00    
  355.0544267       1.0000      0.96927      8.92595E-02   400.00    
  355.1088533       1.0000      0.96927      8.92602E-02   400.00    
  355.2177067       1.0000      0.96927      8.92597E-02   400.00    
  355.4354134       1.0000      0.96927      8.92594E-02   400.00    
  355.8708268       1.0000      0.96927      8.92578E-02   400.00    
  356.0000000       1.0000      0.96927      8.92575E-02   400.00    
  356.0000000       1.0000      0.96927      8.92575E-02   400.00    
  356.3483307       1.0000      0.96927      8.92570E-02   400.00    
  356.6966614       1.0000      0.96927      8.92566E-02   400.00    
  357.0000000       1.0000      0.96927      8.92563E-02   400.00    
  357.0000000       1.0000      0.96927      8.92563E-02   400.00    
  357.2786646       1.0000      0.96927      8.92560E-02   400.00    
  357.5573291       1.0000      0.96927      8.92557E-02   400.00    
  358.0000000       1.0000      0.96927      8.92553E-02   400.00    
  358.0000000       1.0000      0.96927      8.92553E-02   400.00    
  358.2229317       1.0000      0.96927      8.92552E-02   400.00    
  358.4458633       1.0000      0.96927      8.91782E-02   400.00    
  358.4664374       1.0000      0.96927      8.91701E-02   400.00    
  358.5075855       1.0000      0.96927      8.91517E-02   400.00    
  358.5075855       1.0000      0.96927      8.91517E-02   400.00    
  358.6859308       1.0000      0.96926      8.89987E-02   400.00    
  358.8642762       1.0000      0.96926      8.87918E-02   400.00    
  359.0000000       1.0000      0.96925      8.86071E-02   400.00    
  359.0000000       1.0000      0.96925      8.86071E-02   400.00    
  359.1426763       1.0000      0.96925      8.83909E-02   400.00    
  359.2853525       1.0000      0.96925      8.81589E-02   400.00    
  359.5707050       1.0000      0.96924      8.76473E-02   400.00    
  360.0000000       1.0000      0.96922      8.68101E-02   400.00    
