#      time         order        qbridges     qcdwalls2z   qdaylite     qequip2zon   qhc2zone     qlcwinds2z   qlite        qloss        qocc2zone    qterm2zone
  336.0000000       1.0000       0.0000      -1375.6       0.0000       0.0000       1572.5       0.0000       0.0000       0.0000       0.0000      -201.18    
  336.0277111       1.0000       0.0000      -1377.2       0.0000       0.0000       1574.1       0.0000       0.0000       0.0000       0.0000      -201.25    
  336.0554222       1.0000       0.0000      -1378.7       0.0000       0.0000       1575.6       0.0000       0.0000       0.0000       0.0000      -201.29    
  336.0682198       1.0000       0.0000      -1379.4       0.0000       0.0000       1576.3       0.0000       0.0000       0.0000       0.0000      -201.31    
  336.0682198       1.0000       0.0000      -1379.4       0.0000       0.0000       1576.3       0.0000       0.0000       0.0000       0.0000      -201.31    
  336.0903887       1.0000       0.0000      -1380.7       0.0000       0.0000       1577.6       0.0000       0.0000       0.0000       0.0000      -201.29    
  336.1125575       1.0000       0.0000      -1381.9       0.0000       0.0000       1578.8       0.0000       0.0000       0.0000       0.0000      -201.28    
  336.1568953       1.0000       0.0000      -1384.3       0.0000       0.0000       1581.2       0.0000       0.0000       0.0000       0.0000      -201.26    
  336.2455708       1.0000       0.0000      -1389.1       0.0000       0.0000       1586.0       0.0000       0.0000       0.0000       0.0000      -201.21    
  336.4229219       1.0000       0.0000      -1398.2       0.0000       0.0000       1595.2       0.0000       0.0000       0.0000       0.0000      -201.15    
  336.7776240       1.0000       0.0000      -1415.2       0.0000       0.0000       1612.4       0.0000       0.0000       0.0000       0.0000      -201.10    
  337.0000000       1.0000       0.0000      -1425.5       0.0000       0.0000       1622.8       0.0000       0.0000       0.0000       0.0000      -201.08    
  337.0000000       1.0000       0.0000      -1425.5       0.0000       0.0000       1622.8       0.0000       0.0000       0.0000       0.0000      -201.08    
  337.2837617       1.0000       0.0000      -1437.9       0.0000       0.0000       1635.3       0.0000       0.0000       0.0000       0.0000      -200.92    
  337.5675234       1.0000       0.0000      -1449.8       0.0000       0.0000       1647.2       0.0000       0.0000       0.0000       0.0000      -200.77    
  338.0000000       1.0000       0.0000      -1466.7       0.0000       0.0000       1664.2       0.0000       0.0000       0.0000       0.0000      -200.63    
  338.0000000       1.0000       0.0000      -1466.7       0.0000       0.0000       1664.2       0.0000       0.0000       0.0000       0.0000      -200.63    
  338.2270094       1.0000       0.0000      -1475.3       0.0000       0.0000       1672.9       0.0000       0.0000       0.0000       0.0000      -200.59    
  338.4540187       1.0000       0.0000      -1483.6       0.0000       0.0000       1681.3       0.0000       0.0000       0.0000       0.0000      -200.56    
  338.9080375       1.0000       0.0000      -1499.2       0.0000       0.0000       1697.1       0.0000       0.0000       0.0000       0.0000      -200.57    
  339.0000000       1.0000       0.0000      -1502.4       0.0000       0.0000       1700.2       0.0000       0.0000       0.0000       0.0000      -200.57    
  339.0000000       1.0000       0.0000      -1502.4       0.0000       0.0000       1700.2       0.0000       0.0000       0.0000       0.0000      -200.57    
  339.3632150       1.0000       0.0000      -1514.2       0.0000       0.0000       1712.1       0.0000       0.0000       0.0000       0.0000      -200.39    
  339.7264300       1.0000       0.0000      -1525.5       0.0000       0.0000       1723.5       0.0000       0.0000       0.0000       0.0000      -200.24    
  340.0000000       1.0000       0.0000      -1533.8       0.0000       0.0000       1731.8       0.0000       0.0000       0.0000       0.0000      -200.15    
  340.0000000       1.0000       0.0000      -1533.8       0.0000       0.0000       1731.8       0.0000       0.0000       0.0000       0.0000      -200.15    
  340.2001218       1.0000       0.0000      -1539.7       0.0000       0.0000       1737.7       0.0000       0.0000       0.0000       0.0000      -199.69    
  340.4002436       1.0000       0.0000      -1545.4       0.0000       0.0000       1743.4       0.0000       0.0000       0.0000       0.0000      -199.08    
  340.4264857       1.0000       0.0000      -1546.2       0.0000       0.0000       1744.2       0.0000       0.0000       0.0000       0.0000      -199.00    
  340.4789699       1.0000       0.0000      -1547.7       0.0000       0.0000       1745.6       0.0000       0.0000       0.0000       0.0000      -198.85    
  340.4789699       1.0000       0.0000      -1547.7       0.0000       0.0000       1745.6       0.0000       0.0000       0.0000       0.0000      -198.85    
  340.6390673       1.0000       0.0000      -1552.2       0.0000       0.0000       1750.1       0.0000       0.0000       0.0000       0.0000      -198.45    
  340.7991647       1.0000       0.0000      -1556.6       0.0000       0.0000       1754.5       0.0000       0.0000       0.0000       0.0000      -198.11    
  341.0000000       1.0000       0.0000      -1562.0       0.0000       0.0000       1759.8       0.0000       0.0000       0.0000       0.0000      -197.75    
  341.0000000       1.0000       0.0000      -1562.0       0.0000       0.0000       1759.8       0.0000       0.0000       0.0000       0.0000      -197.75    
  341.0334978       1.0000       0.0000      -1562.9       0.0000       0.0000       1760.7       0.0000       0.0000       0.0000       0.0000      -197.69    
  341.0669955       1.0000       0.0000      -1563.8       0.0000       0.0000       1761.6       0.0000       0.0000       0.0000       0.0000      -197.63    
  341.0986329       1.0000       0.0000      -1564.6       0.0000       0.0000       1762.4       0.0000       0.0000       0.0000       0.0000      -197.44    
  341.1209903       1.0000       0.0000      -1565.2       0.0000       0.0000       1763.0       0.0000       0.0000       0.0000       0.0000      -197.30    
  341.1405617       1.0000       0.0000      -1565.7       0.0000       0.0000       1763.5       0.0000       0.0000       0.0000       0.0000      -197.18    
  341.1612116       1.0000       0.0000      -1566.3       0.0000       0.0000       1764.0       0.0000       0.0000       0.0000       0.0000      -197.06    
  341.1798055       1.0000       0.0000      -1566.8       0.0000       0.0000       1764.5       0.0000       0.0000       0.0000       0.0000      -196.95    
  341.1984890       1.0000       0.0000      -1567.2       0.0000       0.0000       1765.0       0.0000       0.0000       0.0000       0.0000      -196.84    
  341.2164927       1.0000       0.0000      -1567.7       0.0000       0.0000       1765.4       0.0000       0.0000       0.0000       0.0000      -196.74    
  341.2347019       1.0000       0.0000      -1568.2       0.0000       0.0000       1765.9       0.0000       0.0000       0.0000       0.0000      -196.64    
  341.2529417       1.0000       0.0000      -1568.7       0.0000       0.0000       1766.4       0.0000       0.0000       0.0000       0.0000      -196.54    
  341.2719537       1.0000       0.0000      -1569.2       0.0000       0.0000       1766.8       0.0000       0.0000       0.0000       0.0000      -196.43    
  341.2926427       1.0000       0.0000      -1569.7       0.0000       0.0000       1767.4       0.0000       0.0000       0.0000       0.0000      -196.32    
  341.3153501       1.0000       0.0000      -1570.3       0.0000       0.0000       1767.9       0.0000       0.0000       0.0000       0.0000      -196.20    
  341.3408346       1.0000       0.0000      -1570.9       0.0000       0.0000       1768.6       0.0000       0.0000       0.0000       0.0000      -196.07    
  341.3695986       1.0000       0.0000      -1571.7       0.0000       0.0000       1769.3       0.0000       0.0000       0.0000       0.0000      -195.93    
  341.4029150       1.0000       0.0000      -1572.5       0.0000       0.0000       1770.1       0.0000       0.0000       0.0000       0.0000      -195.77    
  341.4420061       1.0000       0.0000      -1573.5       0.0000       0.0000       1771.1       0.0000       0.0000       0.0000       0.0000      -195.58    
  341.4891999       1.0000       0.0000      -1574.7       0.0000       0.0000       1772.2       0.0000       0.0000       0.0000       0.0000      -195.37    
  341.5478014       1.0000       0.0000      -1576.2       0.0000       0.0000       1773.7       0.0000       0.0000       0.0000       0.0000      -195.12    
  341.6239840       1.0000       0.0000      -1578.1       0.0000       0.0000       1775.5       0.0000       0.0000       0.0000       0.0000      -194.81    
  341.7273979       1.0000       0.0000      -1580.6       0.0000       0.0000       1778.0       0.0000       0.0000       0.0000       0.0000      -194.42    
  341.8824781       1.0000       0.0000      -1584.4       0.0000       0.0000       1781.7       0.0000       0.0000       0.0000      1.81675E-06  -193.90    
  342.0000000       1.0000       0.0000      -1587.2       0.0000       0.0000       1784.4       0.0000       0.0000       0.0000      4.41206E-06  -193.54    
  342.0000000       1.0000       0.0000      -1587.2       0.0000       0.0000       1784.4       0.0000       0.0000       0.0000      4.40890E-06  -193.54    
  342.0253099       1.0000       0.0000      -1587.8       0.0000       0.0000       1785.0       0.0000       0.0000       0.0000      6.08273E-06  -193.46    
  342.0506198       1.0000       0.0000      -1588.5       0.0000       0.0000       1785.6       0.0000       0.0000       0.0000      7.75656E-06  -193.39    
  342.1012396       1.0000       0.0000      -1589.6       0.0000       0.0000       1786.7       0.0000       0.0000       0.0000      1.11042E-05  -192.93    
  342.2024792       1.0000       0.0000      -1592.0       0.0000       0.0000       1788.8       0.0000       0.0000       0.0000      1.79088E-05  -191.75    
  342.4049584       1.0000       0.0000      -1596.5       0.0000       0.0000       1793.0       0.0000       0.0000       0.0000      4.04449E-05  -189.75    
  342.8099168       1.0000       0.0000      -1605.1       0.0000       0.0000       1800.9       0.0000       0.0000       0.0000      1.12625E-04  -186.56    
  343.0000000       1.0000       0.0000      -1609.1       0.0000       0.0000       1804.5       0.0000       0.0000       0.0000      1.58716E-04  -186.39    
  343.0000000       1.0000       0.0000      -1609.1       0.0000       0.0000       1804.5       0.0000       0.0000       0.0000      1.58716E-04  -186.39    
  343.0343953       1.0000       0.0000      -4039.2       0.0000       0.0000       6695.0       0.0000       0.0000       0.0000      1.67037E-04  -267.64    
  343.0687906       1.0000       0.0000      -4390.0       0.0000       0.0000       6420.3       0.0000       0.0000       0.0000      1.75371E-04  -325.63    
  343.1011780       1.0000       0.0000      -3917.2       0.0000       0.0000       4779.6       0.0000       0.0000       0.0000      1.83250E-04  -342.25    
  343.1334435       1.0000       0.0000      -3432.4       0.0000       0.0000       3605.4       0.0000       0.0000       0.0000      1.91074E-04  -336.97    
  343.1754500       1.0000       0.0000      -3205.8       0.0000       0.0000       3275.7       0.0000       0.0000       0.0000      2.01259E-04  -326.25    
  343.2406228       1.0000       0.0000      -3226.0       0.0000       0.0000       3489.0       0.0000       0.0000       0.0000      2.15271E-04  -322.34    
  343.3212050       1.0000       0.0000      -3240.5       0.0000       0.0000       3580.9       0.0000       0.0000       0.0000      2.31258E-04  -323.57    
  343.4506987       1.0000       0.0000      -3185.6       0.0000       0.0000       3521.0       0.0000       0.0000       0.0000      2.54713E-04  -324.73    
  343.6548112       1.0000       0.0000      -3099.5       0.0000       0.0000       3429.6       0.0000       0.0000       0.0000      2.83791E-04  -325.37    
  344.0000000       1.0000       0.0000      -2982.6       0.0000       0.0000       3311.9       0.0000       0.0000       0.0000      3.13018E-04  -325.96    
  344.0000000       1.0000       0.0000      -2982.6       0.0000       0.0000       3311.9       0.0000       0.0000       0.0000      3.13018E-04  -325.96    
  344.0275162       1.0000       0.0000      -2973.5       0.0000       0.0000       3302.8       0.0000       0.0000       0.0000      3.13625E-04  -326.00    
  344.0550325       1.0000       0.0000      -2964.6       0.0000       0.0000       3293.9       0.0000       0.0000       0.0000      3.14231E-04  -326.04    
  344.1100650       1.0000       0.0000      -2947.3       0.0000       0.0000       3276.5       0.0000       0.0000       0.0000      3.15444E-04  -326.13    
  344.2201299       1.0000       0.0000      -2914.6       0.0000       0.0000       3243.6       0.0000       0.0000       0.0000      3.17426E-04  -326.27    
  344.4402598       1.0000       0.0000      -2856.6       0.0000       0.0000       3185.3       0.0000       0.0000       0.0000      3.17426E-04  -326.42    
  344.8805197       1.0000       0.0000      -2761.5       0.0000       0.0000       3089.4       0.0000       0.0000       0.0000      3.17425E-04  -326.39    
  345.0000000       1.0000       0.0000      -2737.3       0.0000       0.0000       3065.0       0.0000       0.0000       0.0000      3.17425E-04  -326.37    
  345.0000000       1.0000       0.0000      -2737.3       0.0000       0.0000       3065.0       0.0000       0.0000       0.0000      3.17425E-04  -326.37    
  345.3522079       1.0000       0.0000      -2672.6       0.0000       0.0000       2999.9       0.0000       0.0000       0.0000      3.17425E-04  -326.21    
  345.7044157       1.0000       0.0000      -2614.3       0.0000       0.0000       2941.0       0.0000       0.0000       0.0000      3.17424E-04  -325.96    
  346.0000000       1.0000       0.0000      -2571.4       0.0000       0.0000       2897.6       0.0000       0.0000       0.0000      3.17424E-04  -325.69    
  346.0000000       1.0000       0.0000      -2571.4       0.0000       0.0000       2897.6       0.0000       0.0000       0.0000      3.17424E-04  -325.69    
  346.2817663       1.0000       0.0000      -2535.0       0.0000       0.0000       2860.9       0.0000       0.0000       0.0000      3.17424E-04  -325.51    
  346.5635326       1.0000       0.0000      -2502.4       0.0000       0.0000       2828.1       0.0000       0.0000       0.0000      3.17424E-04  -325.33    
  347.0000000       1.0000       0.0000      -2458.9       0.0000       0.0000       2784.2       0.0000       0.0000       0.0000      3.17424E-04  -325.00    
  347.0000000       1.0000       0.0000      -2458.9       0.0000       0.0000       2784.2       0.0000       0.0000       0.0000      3.17424E-04  -325.00    
  347.2254130       1.0000       0.0000      -2438.2       0.0000       0.0000       2763.2       0.0000       0.0000       0.0000      3.17424E-04  -324.86    
  347.4508261       1.0000       0.0000      -2418.9       0.0000       0.0000       2743.7       0.0000       0.0000       0.0000      3.17424E-04  -324.71    
  347.9016521       1.0000       0.0000      -2384.8       0.0000       0.0000       2709.3       0.0000       0.0000       0.0000      3.17424E-04  -324.40    
  348.0000000       1.0000       0.0000      -2377.6       0.0000       0.0000       2702.0       0.0000       0.0000       0.0000      3.17424E-04  -324.34    
  348.0000000       1.0000       0.0000      -2377.6       0.0000       0.0000       2702.0       0.0000       0.0000       0.0000      3.17424E-04  -324.34    
  348.3606609       1.0000       0.0000      -2353.5       0.0000       0.0000       2677.7       0.0000       0.0000       0.0000      3.17424E-04  -324.16    
  348.7213217       1.0000       0.0000      -2331.3       0.0000       0.0000       2655.4       0.0000       0.0000       0.0000      3.17424E-04  -324.00    
  349.0000000       1.0000       0.0000      -2315.3       0.0000       0.0000       2639.2       0.0000       0.0000       0.0000      3.17424E-04  -323.87    
  349.0000000       1.0000       0.0000      -2315.3       0.0000       0.0000       2639.2       0.0000       0.0000       0.0000      3.17424E-04  -323.87    
  349.2885287       1.0000       0.0000      -2299.6       0.0000       0.0000       2623.5       0.0000       0.0000       0.0000      3.17424E-04  -323.85    
  349.5770574       1.0000       0.0000      -2284.8       0.0000       0.0000       2608.7       0.0000       0.0000       0.0000      3.17424E-04  -323.86    
  350.0000000       1.0000       0.0000      -2264.7       0.0000       0.0000       2588.5       0.0000       0.0000       0.0000      3.17424E-04  -323.86    
  350.0000000       1.0000       0.0000      -2264.7       0.0000       0.0000       2588.5       0.0000       0.0000       0.0000      3.17424E-04  -323.86    
  350.2308229       1.0000       0.0000      -2254.2       0.0000       0.0000       2578.1       0.0000       0.0000       0.0000      3.17424E-04  -323.96    
  350.4616459       1.0000       0.0000      -2244.1       0.0000       0.0000       2568.2       0.0000       0.0000       0.0000      3.17424E-04  -324.10    
  350.9232918       1.0000       0.0000      -2225.2       0.0000       0.0000       2549.6       0.0000       0.0000       0.0000      3.17424E-04  -324.37    
  351.0000000       1.0000       0.0000      -2222.1       0.0000       0.0000       2546.5       0.0000       0.0000       0.0000      3.17424E-04  -324.42    
  351.0000000       1.0000       0.0000      -2222.1       0.0000       0.0000       2546.5       0.0000       0.0000       0.0000      3.17424E-04  -324.42    
  351.3693167       1.0000       0.0000      -2208.0       0.0000       0.0000       2532.7       0.0000       0.0000       0.0000      3.17424E-04  -324.70    
  351.7386334       1.0000       0.0000      -2194.7       0.0000       0.0000       2519.7       0.0000       0.0000       0.0000      3.17424E-04  -324.99    
  352.0000000       1.0000       0.0000      -2185.6       0.0000       0.0000       2510.8       0.0000       0.0000       0.0000      3.17424E-04  -325.20    
  352.0000000       1.0000       0.0000      -2185.6       0.0000       0.0000       2510.8       0.0000       0.0000       0.0000      3.17424E-04  -325.20    
  352.2954534       1.0000       0.0000      -2175.7       0.0000       0.0000       2501.2       0.0000       0.0000       0.0000      3.17424E-04  -325.48    
  352.5909067       1.0000       0.0000      -2166.2       0.0000       0.0000       2492.0       0.0000       0.0000       0.0000      3.17424E-04  -325.77    
  353.0000000       1.0000       0.0000      -2153.9       0.0000       0.0000       2480.0       0.0000       0.0000       0.0000      3.13015E-04  -326.17    
  353.0000000       1.0000       0.0000      -2153.9       0.0000       0.0000       2480.0       0.0000       0.0000       0.0000      3.13015E-04  -326.17    
  353.2363627       1.0000       0.0000      -2147.0       0.0000       0.0000       2473.5       0.0000       0.0000       0.0000      2.95781E-04  -326.49    
  353.4727254       1.0000       0.0000      -2140.4       0.0000       0.0000       2467.2       0.0000       0.0000       0.0000      2.66524E-04  -326.83    
  353.9454508       1.0000       0.0000      -2128.1       0.0000       0.0000       2455.6       0.0000       0.0000       0.0000      1.71939E-04  -327.53    
  354.0000000       1.0000       0.0000      -2126.7       0.0000       0.0000       2454.3       0.0000       0.0000       0.0000      1.58712E-04  -327.61    
  354.0000000       1.0000       0.0000      -2126.7       0.0000       0.0000       2454.3       0.0000       0.0000       0.0000      1.58712E-04  -327.61    
  354.0046237       1.0000       0.0000      -1515.4       0.0000       0.0000       875.91       0.0000       0.0000       0.0000      1.57591E-04  -323.22    
  354.0092475       1.0000       0.0000      -1142.7       0.0000       0.0000      1.25320E-02   0.0000       0.0000       0.0000      1.56469E-04  -316.55    
  354.0134996       1.0000       0.0000      -1096.1       0.0000       0.0000       0.0000       0.0000       0.0000       0.0000      1.55438E-04  -310.63    
  354.0183218       1.0000       0.0000      -1046.2       0.0000       0.0000       0.0000       0.0000       0.0000       0.0000      1.54269E-04  -304.19    
  354.0235101       1.0000       0.0000      -995.70       0.0000       0.0000       0.0000       0.0000       0.0000       0.0000      1.53011E-04  -297.56    
  354.0295713       1.0000       0.0000      -940.54       0.0000       0.0000       0.0000       0.0000       0.0000       0.0000      1.51541E-04  -290.19    
  354.0367419       1.0000       0.0000      -880.23       0.0000       0.0000       0.0000       0.0000       0.0000       0.0000      1.49803E-04  -281.95    
  354.0460349       1.0000       0.0000      -809.36       0.0000       0.0000       0.0000       0.0000       0.0000       0.0000      1.47549E-04  -272.02    
  354.0614279       1.0000       0.0000      -708.41       0.0000       0.0000       0.0000       0.0000       0.0000       0.0000      1.43817E-04  -257.33    
  354.0775729       1.0000       0.0000      -618.09       0.0000       0.0000       0.0000       0.0000       0.0000       0.0000      1.39902E-04  -243.58    
  354.0952766       1.0000       0.0000      -529.68       0.0000       0.0000       0.0000       0.0000       0.0000       0.0000      1.35609E-04  -230.29    
  354.1128115       1.0000       0.0000      -456.98       0.0000       0.0000       0.0000       0.0000       0.0000       0.0000      1.31358E-04  -218.58    
  354.1321496       1.0000       0.0000      -395.94       0.0000       0.0000       0.0000       0.0000       0.0000       0.0000      1.26669E-04  -207.06    
  354.1529005       1.0000       0.0000      -338.48       0.0000       0.0000       0.0000       0.0000       0.0000       0.0000      1.21637E-04  -196.11    
  354.1761510       1.0000       0.0000      -282.83       0.0000       0.0000       0.0000       0.0000       0.0000       0.0000      1.15999E-04  -185.36    
  354.2021222       1.0000       0.0000      -376.60       0.0000       0.0000       322.87       0.0000       0.0000       0.0000      1.09795E-04  -179.40    
  354.2320602       1.0000       0.0000      -656.33       0.0000       0.0000       984.83       0.0000       0.0000       0.0000      1.03856E-04  -183.72    
  354.2670946       1.0000       0.0000      -760.22       0.0000       0.0000       1145.2       0.0000       0.0000       0.0000      9.69056E-05  -190.50    
  354.3091523       1.0000       0.0000      -727.87       0.0000       0.0000       996.49       0.0000       0.0000       0.0000      8.85618E-05  -193.66    
  354.3610320       1.0000       0.0000      -685.92       0.0000       0.0000       870.87       0.0000       0.0000       0.0000      7.82694E-05  -193.29    
  354.4278502       1.0000       0.0000      -689.91       0.0000       0.0000       868.50       0.0000       0.0000       0.0000      6.62412E-05  -192.45    
  354.5178893       1.0000       0.0000      -716.14       0.0000       0.0000       906.53       0.0000       0.0000       0.0000      5.23479E-05  -192.37    
  354.6471901       1.0000       0.0000      -746.01       0.0000       0.0000       939.11       0.0000       0.0000       0.0000      3.44768E-05  -192.57    
  354.8514402       1.0000       0.0000      -785.81       0.0000       0.0000       978.74       0.0000       0.0000       0.0000      1.42329E-05  -192.82    
  355.0000000       1.0000       0.0000      -812.97       0.0000       0.0000       1006.0       0.0000       0.0000       0.0000      4.40866E-06  -192.98    
  355.0000000       1.0000       0.0000      -812.97       0.0000       0.0000       1006.0       0.0000       0.0000       0.0000      4.40866E-06  -192.98    
  355.0034017       1.0000       0.0000      -813.59       0.0000       0.0000       1006.6       0.0000       0.0000       0.0000      4.33368E-06  -192.99    
  355.0068033       1.0000       0.0000      -814.21       0.0000       0.0000       1007.2       0.0000       0.0000       0.0000      4.25869E-06  -192.99    
  355.0136067       1.0000       0.0000      -815.56       0.0000       0.0000       1008.5       0.0000       0.0000       0.0000      4.10872E-06  -193.00    
  355.0272133       1.0000       0.0000      -818.45       0.0000       0.0000       1011.0       0.0000       0.0000       0.0000      3.80879E-06  -193.01    
  355.0544267       1.0000       0.0000      -824.60       0.0000       0.0000       1017.2       0.0000       0.0000       0.0000      3.20892E-06  -193.03    
  355.1088533       1.0000       0.0000      -837.31       0.0000       0.0000       1030.3       0.0000       0.0000       0.0000      2.00917E-06  -193.07    
  355.2177067       1.0000       0.0000      -862.17       0.0000       0.0000       1055.4       0.0000       0.0000       0.0000       0.0000      -193.17    
  355.4354134       1.0000       0.0000      -910.36       0.0000       0.0000       1103.8       0.0000       0.0000       0.0000       0.0000      -193.37    
  355.8708268       1.0000       0.0000      -983.80       0.0000       0.0000       1177.6       0.0000       0.0000       0.0000       0.0000      -193.77    
  356.0000000       1.0000       0.0000      -1004.4       0.0000       0.0000       1198.4       0.0000       0.0000       0.0000       0.0000      -193.89    
  356.0000000       1.0000       0.0000      -1004.4       0.0000       0.0000       1198.4       0.0000       0.0000       0.0000       0.0000      -193.89    
  356.3483307       1.0000       0.0000      -1054.7       0.0000       0.0000       1248.9       0.0000       0.0000       0.0000       0.0000      -194.21    
  356.6966614       1.0000       0.0000      -1100.3       0.0000       0.0000       1294.9       0.0000       0.0000       0.0000       0.0000      -194.52    
  357.0000000       1.0000       0.0000      -1137.0       0.0000       0.0000       1331.8       0.0000       0.0000       0.0000       0.0000      -194.80    
  357.0000000       1.0000       0.0000      -1137.0       0.0000       0.0000       1331.8       0.0000       0.0000       0.0000       0.0000      -194.80    
  357.2786646       1.0000       0.0000      -1168.1       0.0000       0.0000       1363.1       0.0000       0.0000       0.0000       0.0000      -195.00    
  357.5573291       1.0000       0.0000      -1196.9       0.0000       0.0000       1392.1       0.0000       0.0000       0.0000       0.0000      -195.20    
  358.0000000       1.0000       0.0000      -1237.5       0.0000       0.0000       1433.1       0.0000       0.0000       0.0000       0.0000      -195.51    
  358.0000000       1.0000       0.0000      -1237.5       0.0000       0.0000       1433.1       0.0000       0.0000       0.0000       0.0000      -195.51    
  358.2229317       1.0000       0.0000      -1256.9       0.0000       0.0000       1452.5       0.0000       0.0000       0.0000       0.0000      -195.67    
  358.4458633       1.0000       0.0000      -1275.1       0.0000       0.0000       1470.9       0.0000       0.0000       0.0000       0.0000      -196.59    
  358.4664374       1.0000       0.0000      -1276.7       0.0000       0.0000       1472.6       0.0000       0.0000       0.0000       0.0000      -196.72    
  358.5075855       1.0000       0.0000      -1280.1       0.0000       0.0000       1476.0       0.0000       0.0000       0.0000       0.0000      -196.98    
  358.5075855       1.0000       0.0000      -1280.1       0.0000       0.0000       1476.0       0.0000       0.0000       0.0000       0.0000      -196.98    
  358.6859308       1.0000       0.0000      -1293.8       0.0000       0.0000       1489.8       0.0000       0.0000       0.0000       0.0000      -197.91    
  358.8642762       1.0000       0.0000      -1306.8       0.0000       0.0000       1503.0       0.0000       0.0000       0.0000       0.0000      -198.71    
  359.0000000       1.0000       0.0000      -1316.4       0.0000       0.0000       1512.7       0.0000       0.0000       0.0000       0.0000      -199.26    
  359.0000000       1.0000       0.0000      -1316.4       0.0000       0.0000       1512.7       0.0000       0.0000       0.0000       0.0000      -199.26    
  359.1426763       1.0000       0.0000      -1326.2       0.0000       0.0000       1522.5       0.0000       0.0000       0.0000       0.0000      -199.70    
  359.2853525       1.0000       0.0000      -1335.6       0.0000       0.0000       1532.0       0.0000       0.0000       0.0000       0.0000      -200.03    
  359.5707050       1.0000       0.0000      -1353.2       0.0000       0.0000       1549.8       0.0000       0.0000       0.0000       0.0000      -200.57    
  360.0000000       1.0000       0.0000      -1377.3       0.0000       0.0000       1574.2       0.0000       0.0000       0.0000       0.0000      -201.18    
