#      time         order        pmv_1        ppd_1     
  336.0000000       1.0000       0.0000       0.0000    
  336.0277111       1.0000       0.0000       0.0000    
  336.0554222       1.0000       0.0000       0.0000    
  336.0682198       1.0000       0.0000       0.0000    
  336.0682198       1.0000       0.0000       0.0000    
  336.0903887       1.0000       0.0000       0.0000    
  336.1125575       1.0000       0.0000       0.0000    
  336.1568953       1.0000       0.0000       0.0000    
  336.2455708       1.0000       0.0000       0.0000    
  336.4229219       1.0000       0.0000       0.0000    
  336.7776240       1.0000       0.0000       0.0000    
  337.0000000       1.0000       0.0000       0.0000    
  337.0000000       1.0000       0.0000       0.0000    
  337.2837617       1.0000       0.0000       0.0000    
  337.5675234       1.0000       0.0000       0.0000    
  338.0000000       1.0000       0.0000       0.0000    
  338.0000000       1.0000       0.0000       0.0000    
  338.2270094       1.0000       0.0000       0.0000    
  338.4540187       1.0000       0.0000       0.0000    
  338.9080375       1.0000       0.0000       0.0000    
  339.0000000       1.0000       0.0000       0.0000    
  339.0000000       1.0000       0.0000       0.0000    
  339.3632150       1.0000       0.0000       0.0000    
  339.7264300       1.0000       0.0000       0.0000    
  340.0000000       1.0000       0.0000       0.0000    
  340.0000000       1.0000       0.0000       0.0000    
  340.2001218       1.0000       0.0000       0.0000    
  340.4002436       1.0000       0.0000       0.0000    
  340.4264857       1.0000       0.0000       0.0000    
  340.4789699       1.0000       0.0000       0.0000    
  340.4789699       1.0000       0.0000       0.0000    
  340.6390673       1.0000       0.0000       0.0000    
  340.7991647       1.0000       0.0000       0.0000    
  341.0000000       1.0000       0.0000       0.0000    
  341.0000000       1.0000       0.0000       0.0000    
  341.0334978       1.0000       0.0000       0.0000    
  341.0669955       1.0000       0.0000       0.0000    
  341.0986329       1.0000       0.0000       0.0000    
  341.1209903       1.0000       0.0000       0.0000    
  341.1405617       1.0000       0.0000       0.0000    
  341.1612116       1.0000       0.0000       0.0000    
  341.1798055       1.0000       0.0000       0.0000    
  341.1984890       1.0000       0.0000       0.0000    
  341.2164927       1.0000       0.0000       0.0000    
  341.2347019       1.0000       0.0000       0.0000    
  341.2529417       1.0000       0.0000       0.0000    
  341.2719537       1.0000       0.0000       0.0000    
  341.2926427       1.0000       0.0000       0.0000    
  341.3153501       1.0000       0.0000       0.0000    
  341.3408346       1.0000       0.0000       0.0000    
  341.3695986       1.0000       0.0000       0.0000    
  341.4029150       1.0000       0.0000       0.0000    
  341.4420061       1.0000       0.0000       0.0000    
  341.4891999       1.0000       0.0000       0.0000    
  341.5478014       1.0000       0.0000       0.0000    
  341.6239840       1.0000       0.0000       0.0000    
  341.7273979       1.0000       0.0000       0.0000    
  341.8824781       1.0000     -0.94418       23.829    
  342.0000000       1.0000     -0.93948       23.642    
  342.0000000       1.0000     -0.94196       23.741    
  342.0253099       1.0000     -0.94199       23.742    
  342.0506198       1.0000     -0.94201       23.743    
  342.1012396       1.0000     -0.94205       23.744    
  342.2024792       1.0000     -0.94211       23.747    
  342.4049584       1.0000     -0.94215       23.748    
  342.8099168       1.0000     -0.94201       23.743    
  343.0000000       1.0000     -0.94193       23.740    
  343.0000000       1.0000     -0.94193       23.740    
  343.0343953       1.0000     -0.64945       13.857    
  343.0687906       1.0000     -0.58609       12.199    
  343.1011780       1.0000     -0.61736       12.996    
  343.1334435       1.0000     -0.66250       14.221    
  343.1754500       1.0000     -0.68613       14.897    
  343.2406228       1.0000     -0.68179       14.771    
  343.3212050       1.0000     -0.67463       14.565    
  343.4506987       1.0000     -0.67147       14.475    
  343.6548112       1.0000     -0.66840       14.387    
  344.0000000       1.0000     -0.66367       14.253    
  344.0000000       1.0000     -0.66367       14.253    
  344.0275162       1.0000     -0.66330       14.243    
  344.0550325       1.0000     -0.66293       14.232    
  344.1100650       1.0000     -0.66220       14.212    
  344.2201299       1.0000     -0.66082       14.173    
  344.4402598       1.0000     -0.65834       14.104    
  344.8805197       1.0000     -0.65420       13.989    
  345.0000000       1.0000     -0.65313       13.959    
  345.0000000       1.0000     -0.65313       13.959    
  345.3522079       1.0000     -0.65055       13.888    
  345.7044157       1.0000     -0.64845       13.830    
  346.0000000       1.0000     -0.64686       13.786    
  346.0000000       1.0000     -0.64686       13.786    
  346.2817663       1.0000     -0.64548       13.748    
  346.5635326       1.0000     -0.64422       13.714    
  347.0000000       1.0000     -0.64250       13.667    
  347.0000000       1.0000     -0.64250       13.667    
  347.2254130       1.0000     -0.64167       13.644    
  347.4508261       1.0000     -0.64088       13.623    
  347.9016521       1.0000     -0.63946       13.584    
  348.0000000       1.0000     -0.63916       13.576    
  348.0000000       1.0000     -0.63916       13.576    
  348.3606609       1.0000     -0.63813       13.548    
  348.7213217       1.0000     -0.63716       13.522    
  349.0000000       1.0000     -0.63645       13.503    
  349.0000000       1.0000     -0.63645       13.503    
  349.2885287       1.0000     -0.63575       13.484    
  349.5770574       1.0000     -0.63507       13.466    
  350.0000000       1.0000     -0.63413       13.440    
  350.0000000       1.0000     -0.63413       13.440    
  350.2308229       1.0000     -0.63363       13.427    
  350.4616459       1.0000     -0.63314       13.414    
  350.9232918       1.0000     -0.63222       13.389    
  351.0000000       1.0000     -0.63207       13.385    
  351.0000000       1.0000     -0.63207       13.385    
  351.3693167       1.0000     -0.63137       13.366    
  351.7386334       1.0000     -0.63070       13.348    
  352.0000000       1.0000     -0.63024       13.336    
  352.0000000       1.0000     -0.63024       13.336    
  352.2954534       1.0000     -0.62974       13.323    
  352.5909067       1.0000     -0.62926       13.310    
  353.0000000       1.0000     -0.62863       13.293    
  353.0000000       1.0000     -0.62863       13.293    
  353.2363627       1.0000     -0.62828       13.284    
  353.4727254       1.0000     -0.62793       13.275    
  353.9454508       1.0000     -0.62730       13.258    
  354.0000000       1.0000     -0.62723       13.256    
  354.0000000       1.0000     -0.62723       13.256    
  354.0046237       1.0000     -0.68615       14.897    
  354.0092475       1.0000     -0.72505       16.064    
  354.0134996       1.0000     -0.73284       16.305    
  354.0183218       1.0000     -0.74135       16.571    
  354.0235101       1.0000     -0.75016       16.851    
  354.0295713       1.0000     -0.76001       17.167    
  354.0367419       1.0000     -0.77110       17.528    
  354.0460349       1.0000     -0.78457       17.973    
  354.0614279       1.0000     -0.80477       18.656    
  354.0775729       1.0000     -0.82397       19.321    
  354.0952766       1.0000     -0.84295       19.993    
  354.1128115       1.0000     -0.85993       20.607    
  354.1321496       1.0000     -0.87681       21.230    
  354.1529005       1.0000     -0.89324       21.846    
  354.1761510       1.0000     -0.90975       22.478    
  354.2021222       1.0000     -0.90657       22.355    
  354.2320602       1.0000     -0.87534       21.175    
  354.2670946       1.0000     -0.86093       20.644    
  354.3091523       1.0000     -0.86387       20.751    
  354.3610320       1.0000     -0.87124       21.023    
  354.4278502       1.0000     -0.87500       21.162    
  354.5178893       1.0000     -0.87684       21.231    
  354.6471901       1.0000     -0.87967       21.336    
  354.8514402       1.0000     -0.88422       21.506    
  355.0000000       1.0000     -0.88738       21.625    
  355.0000000       1.0000     -0.88738       21.625    
  355.0034017       1.0000     -0.88745       21.628    
  355.0068033       1.0000     -0.88752       21.630    
  355.0136067       1.0000     -0.88766       21.636    
  355.0272133       1.0000     -0.88794       21.646    
  355.0544267       1.0000     -0.88846       21.666    
  355.1088533       1.0000     -0.88940       21.702    
  355.2177067       1.0000       0.0000       0.0000    
  355.4354134       1.0000       0.0000       0.0000    
  355.8708268       1.0000       0.0000       0.0000    
  356.0000000       1.0000       0.0000       0.0000    
  356.0000000       1.0000       0.0000       0.0000    
  356.3483307       1.0000       0.0000       0.0000    
  356.6966614       1.0000       0.0000       0.0000    
  357.0000000       1.0000       0.0000       0.0000    
  357.0000000       1.0000       0.0000       0.0000    
  357.2786646       1.0000       0.0000       0.0000    
  357.5573291       1.0000       0.0000       0.0000    
  358.0000000       1.0000       0.0000       0.0000    
  358.0000000       1.0000       0.0000       0.0000    
  358.2229317       1.0000       0.0000       0.0000    
  358.4458633       1.0000       0.0000       0.0000    
  358.4664374       1.0000       0.0000       0.0000    
  358.5075855       1.0000       0.0000       0.0000    
  358.5075855       1.0000       0.0000       0.0000    
  358.6859308       1.0000       0.0000       0.0000    
  358.8642762       1.0000       0.0000       0.0000    
  359.0000000       1.0000       0.0000       0.0000    
  359.0000000       1.0000       0.0000       0.0000    
  359.1426763       1.0000       0.0000       0.0000    
  359.2853525       1.0000       0.0000       0.0000    
  359.5707050       1.0000       0.0000       0.0000    
  360.0000000       1.0000       0.0000       0.0000    
