#      time         order        qbridges     qcdwalls2z   qdaylite     qequip2zon   qhc2zone     qlcwinds2z   qlite        qloss        qocc2zone    qterm2zone
  336.0000000       1.0000       0.0000      -1430.8       0.0000       0.0000       2413.3      -785.64       0.0000       0.0000       0.0000      -201.18    
  336.0277111       1.0000       0.0000      -1432.4       0.0000       0.0000       2415.0      -785.81       0.0000       0.0000       0.0000      -201.25    
  336.0554222       1.0000       0.0000      -1433.9       0.0000       0.0000       2416.8      -785.98       0.0000       0.0000       0.0000      -201.29    
  336.0682198       1.0000       0.0000      -1434.6       0.0000       0.0000       2417.6      -786.06       0.0000       0.0000       0.0000      -201.30    
  336.0682198       1.0000       0.0000      -1434.6       0.0000       0.0000       2417.6      -786.06       0.0000       0.0000       0.0000      -201.30    
  336.0903887       1.0000       0.0000      -1435.8       0.0000       0.0000       2419.0      -786.19       0.0000       0.0000       0.0000      -201.29    
  336.1125575       1.0000       0.0000      -1437.1       0.0000       0.0000       2420.3      -786.32       0.0000       0.0000       0.0000      -201.28    
  336.1568953       1.0000       0.0000      -1439.5       0.0000       0.0000       2423.0      -786.58       0.0000       0.0000       0.0000      -201.25    
  336.2455708       1.0000       0.0000      -1444.2       0.0000       0.0000       2428.3      -787.07       0.0000       0.0000       0.0000      -201.21    
  336.4229219       1.0000       0.0000      -1453.4       0.0000       0.0000       2438.3      -787.92       0.0000       0.0000       0.0000      -201.15    
  336.7776240       1.0000       0.0000      -1470.5       0.0000       0.0000       2457.1      -789.45       0.0000       0.0000       0.0000      -201.10    
  337.0000000       1.0000       0.0000      -1480.8       0.0000       0.0000       2468.4      -790.38       0.0000       0.0000       0.0000      -201.08    
  337.0000000       1.0000       0.0000      -1480.8       0.0000       0.0000       2468.4      -790.38       0.0000       0.0000       0.0000      -201.08    
  337.2837617       1.0000       0.0000      -1493.3       0.0000       0.0000       2482.1      -791.42       0.0000       0.0000       0.0000      -200.92    
  337.5675234       1.0000       0.0000      -1505.2       0.0000       0.0000       2495.0      -792.36       0.0000       0.0000       0.0000      -200.76    
  338.0000000       1.0000       0.0000      -1522.2       0.0000       0.0000       2513.5      -793.70       0.0000       0.0000       0.0000      -200.63    
  338.0000000       1.0000       0.0000      -1522.2       0.0000       0.0000       2513.5      -793.70       0.0000       0.0000       0.0000      -200.63    
  338.2270094       1.0000       0.0000      -1530.9       0.0000       0.0000       2522.9      -794.38       0.0000       0.0000       0.0000      -200.59    
  338.4540187       1.0000       0.0000      -1539.3       0.0000       0.0000       2532.0      -795.06       0.0000       0.0000       0.0000      -200.56    
  338.9080375       1.0000       0.0000      -1555.0       0.0000       0.0000       2549.3      -796.42       0.0000       0.0000       0.0000      -200.57    
  339.0000000       1.0000       0.0000      -1558.2       0.0000       0.0000       2552.7      -796.70       0.0000       0.0000       0.0000      -200.57    
  339.0000000       1.0000       0.0000      -1558.2       0.0000       0.0000       2552.7      -796.70       0.0000       0.0000       0.0000      -200.57    
  339.3632150       1.0000       0.0000      -1570.1       0.0000       0.0000       2565.6      -797.60       0.0000       0.0000       0.0000      -200.39    
  339.7264300       1.0000       0.0000      -1581.5       0.0000       0.0000       2577.9      -798.39       0.0000       0.0000       0.0000      -200.23    
  340.0000000       1.0000       0.0000      -1589.8       0.0000       0.0000       2586.8      -798.95       0.0000       0.0000       0.0000      -200.15    
  340.0000000       1.0000       0.0000      -1589.8       0.0000       0.0000       2586.8      -798.95       0.0000       0.0000       0.0000      -200.15    
  340.2001218       1.0000       0.0000      -1595.8       0.0000       0.0000       2592.9      -799.11       0.0000       0.0000       0.0000      -199.68    
  340.4002436       1.0000       0.0000      -1601.6       0.0000       0.0000       2598.6      -799.01       0.0000       0.0000       0.0000      -199.08    
  340.4264857       1.0000       0.0000      -1602.4       0.0000       0.0000       2599.3      -799.00       0.0000       0.0000       0.0000      -199.00    
  340.4789699       1.0000       0.0000      -1603.9       0.0000       0.0000       2600.8      -798.95       0.0000       0.0000       0.0000      -198.85    
  340.4789699       1.0000       0.0000      -1603.9       0.0000       0.0000       2600.8      -798.95       0.0000       0.0000       0.0000      -198.85    
  340.6390673       1.0000       0.0000      -1608.4       0.0000       0.0000       2605.1      -798.71       0.0000       0.0000       0.0000      -198.45    
  340.7991647       1.0000       0.0000      -1612.9       0.0000       0.0000       2609.2      -798.41       0.0000       0.0000       0.0000      -198.11    
  341.0000000       1.0000       0.0000      -1618.4       0.0000       0.0000       2614.2      -797.98       0.0000       0.0000       0.0000      -197.75    
  341.0000000       1.0000       0.0000      -1618.4       0.0000       0.0000       2614.2      -797.98       0.0000       0.0000       0.0000      -197.75    
  341.0334978       1.0000       0.0000      -1619.3       0.0000       0.0000       2615.0      -797.91       0.0000       0.0000       0.0000      -197.69    
  341.0669955       1.0000       0.0000      -1620.2       0.0000       0.0000       2615.8      -797.83       0.0000       0.0000       0.0000      -197.63    
  341.0986329       1.0000       0.0000      -1621.0       0.0000       0.0000       2616.6      -797.74       0.0000       0.0000       0.0000      -197.44    
  341.1209903       1.0000       0.0000      -1621.6       0.0000       0.0000       2617.1      -797.67       0.0000       0.0000       0.0000      -197.30    
  341.1405617       1.0000       0.0000      -1622.2       0.0000       0.0000       2617.5      -797.60       0.0000       0.0000       0.0000      -197.18    
  341.1612116       1.0000       0.0000      -1622.7       0.0000       0.0000       2618.0      -797.52       0.0000       0.0000       0.0000      -197.06    
  341.1798055       1.0000       0.0000      -1623.2       0.0000       0.0000       2618.4      -797.45       0.0000       0.0000       0.0000      -196.95    
  341.1984890       1.0000       0.0000      -1623.7       0.0000       0.0000       2618.8      -797.38       0.0000       0.0000       0.0000      -196.84    
  341.2164927       1.0000       0.0000      -1624.2       0.0000       0.0000       2619.2      -797.30       0.0000       0.0000       0.0000      -196.74    
  341.2347019       1.0000       0.0000      -1624.6       0.0000       0.0000       2619.6      -797.22       0.0000       0.0000       0.0000      -196.64    
  341.2529417       1.0000       0.0000      -1625.1       0.0000       0.0000       2620.0      -797.14       0.0000       0.0000       0.0000      -196.54    
  341.2719537       1.0000       0.0000      -1625.6       0.0000       0.0000       2620.4      -797.05       0.0000       0.0000       0.0000      -196.43    
  341.2926427       1.0000       0.0000      -1626.2       0.0000       0.0000       2620.8      -796.94       0.0000       0.0000       0.0000      -196.32    
  341.3153501       1.0000       0.0000      -1626.8       0.0000       0.0000       2621.2      -796.82       0.0000       0.0000       0.0000      -196.21    
  341.3408346       1.0000       0.0000      -1627.4       0.0000       0.0000       2621.8      -796.68       0.0000       0.0000       0.0000      -196.07    
  341.3695986       1.0000       0.0000      -1628.2       0.0000       0.0000       2622.3      -796.52       0.0000       0.0000       0.0000      -195.93    
  341.4029150       1.0000       0.0000      -1629.1       0.0000       0.0000       2623.0      -796.32       0.0000       0.0000       0.0000      -195.77    
  341.4420061       1.0000       0.0000      -1630.1       0.0000       0.0000       2623.7      -796.08       0.0000       0.0000       0.0000      -195.59    
  341.4891999       1.0000       0.0000      -1631.3       0.0000       0.0000       2624.6      -795.77       0.0000       0.0000       0.0000      -195.37    
  341.5478014       1.0000       0.0000      -1632.8       0.0000       0.0000       2625.7      -795.37       0.0000       0.0000       0.0000      -195.12    
  341.6239840       1.0000       0.0000      -1634.7       0.0000       0.0000       2627.0      -794.83       0.0000       0.0000       0.0000      -194.81    
  341.7273979       1.0000       0.0000      -1637.4       0.0000       0.0000       2628.8      -794.08       0.0000       0.0000       0.0000      -194.42    
  341.8824781       1.0000       0.0000      -1641.2       0.0000       0.0000       2631.3      -792.91       0.0000       0.0000      1.81649E-06  -193.90    
  342.0000000       1.0000       0.0000      -1644.1       0.0000       0.0000       2633.2      -792.01       0.0000       0.0000      4.41245E-06  -193.54    
  342.0000000       1.0000       0.0000      -1644.1       0.0000       0.0000       2633.2      -792.01       0.0000       0.0000      4.40890E-06  -193.54    
  342.0253099       1.0000       0.0000      -1644.7       0.0000       0.0000       2633.6      -791.81       0.0000       0.0000      6.08273E-06  -193.46    
  342.0506198       1.0000       0.0000      -1645.3       0.0000       0.0000       2634.0      -791.62       0.0000       0.0000      7.75656E-06  -193.39    
  342.1012396       1.0000       0.0000      -1646.5       0.0000       0.0000       2634.7      -791.16       0.0000       0.0000      1.11042E-05  -192.94    
  342.2024792       1.0000       0.0000      -1648.9       0.0000       0.0000       2635.9      -790.07       0.0000       0.0000      1.79088E-05  -191.75    
  342.4049584       1.0000       0.0000      -1653.6       0.0000       0.0000       2637.3      -787.15       0.0000       0.0000      4.04449E-05  -189.75    
  342.8099168       1.0000       0.0000      -1662.6       0.0000       0.0000       2638.6      -780.25       0.0000       0.0000      1.12625E-04  -186.56    
  343.0000000       1.0000       0.0000      -1666.7       0.0000       0.0000       2639.0      -776.86       0.0000       0.0000      1.58716E-04  -186.40    
  343.0000000       1.0000       0.0000      -1666.7       0.0000       0.0000       2639.0      -776.86       0.0000       0.0000      1.58716E-04  -186.40    
  343.0343953       1.0000       0.0000      -4009.8       0.0000       0.0000       7561.9      -907.61       0.0000       0.0000      1.67030E-04  -267.28    
  343.0687906       1.0000       0.0000      -4375.0       0.0000       0.0000       7323.4      -919.61       0.0000       0.0000      1.75361E-04  -325.22    
  343.1011780       1.0000       0.0000      -3935.1       0.0000       0.0000       5691.9      -885.35       0.0000       0.0000      1.83250E-04  -342.14    
  343.1334435       1.0000       0.0000      -3468.8       0.0000       0.0000       4503.0      -852.02       0.0000       0.0000      1.91074E-04  -337.15    
  343.1754500       1.0000       0.0000      -3241.6       0.0000       0.0000       4147.3      -834.05       0.0000       0.0000      2.01259E-04  -326.49    
  343.2406228       1.0000       0.0000      -3253.0       0.0000       0.0000       4344.1      -830.08       0.0000       0.0000      2.15271E-04  -322.44    
  343.3212050       1.0000       0.0000      -3264.1       0.0000       0.0000       4430.3      -826.66       0.0000       0.0000      2.31258E-04  -323.59    
  343.4506987       1.0000       0.0000      -3207.9       0.0000       0.0000       4362.8      -819.62       0.0000       0.0000      2.54713E-04  -324.75    
  343.6548112       1.0000       0.0000      -3119.6       0.0000       0.0000       4261.6      -811.88       0.0000       0.0000      2.83791E-04  -325.38    
  344.0000000       1.0000       0.0000      -3000.6       0.0000       0.0000       4133.0      -803.06       0.0000       0.0000      3.13018E-04  -325.97    
  344.0000000       1.0000       0.0000      -3000.6       0.0000       0.0000       4133.0      -803.06       0.0000       0.0000      3.13018E-04  -325.97    
  344.0275162       1.0000       0.0000      -2991.4       0.0000       0.0000       4123.1      -802.39       0.0000       0.0000      3.13625E-04  -326.01    
  344.0550325       1.0000       0.0000      -2982.3       0.0000       0.0000       4113.3      -801.73       0.0000       0.0000      3.14231E-04  -326.05    
  344.1100650       1.0000       0.0000      -2964.7       0.0000       0.0000       4094.4      -800.50       0.0000       0.0000      3.15444E-04  -326.14    
  344.2201299       1.0000       0.0000      -2931.6       0.0000       0.0000       4058.9      -798.21       0.0000       0.0000      3.17426E-04  -326.28    
  344.4402598       1.0000       0.0000      -2873.1       0.0000       0.0000       3995.8      -794.09       0.0000       0.0000      3.17426E-04  -326.43    
  344.8805197       1.0000       0.0000      -2777.7       0.0000       0.0000       3892.0      -786.36       0.0000       0.0000      3.17425E-04  -326.40    
  345.0000000       1.0000       0.0000      -2753.4       0.0000       0.0000       3865.4      -784.29       0.0000       0.0000      3.17425E-04  -326.37    
  345.0000000       1.0000       0.0000      -2753.4       0.0000       0.0000       3865.4      -784.29       0.0000       0.0000      3.17425E-04  -326.37    
  345.3522079       1.0000       0.0000      -2691.9       0.0000       0.0000       3797.7      -778.57       0.0000       0.0000      3.17425E-04  -326.21    
  345.7044157       1.0000       0.0000      -2638.6       0.0000       0.0000       3738.4      -773.07       0.0000       0.0000      3.17424E-04  -325.96    
  346.0000000       1.0000       0.0000      -2598.7       0.0000       0.0000       3693.5      -768.52       0.0000       0.0000      3.17424E-04  -325.70    
  346.0000000       1.0000       0.0000      -2598.7       0.0000       0.0000       3693.5      -768.52       0.0000       0.0000      3.17424E-04  -325.70    
  346.2817663       1.0000       0.0000      -2562.3       0.0000       0.0000       3653.0      -764.73       0.0000       0.0000      3.17424E-04  -325.51    
  346.5635326       1.0000       0.0000      -2529.3       0.0000       0.0000       3616.3      -761.42       0.0000       0.0000      3.17424E-04  -325.33    
  347.0000000       1.0000       0.0000      -2485.0       0.0000       0.0000       3567.0      -756.74       0.0000       0.0000      3.17424E-04  -325.01    
  347.0000000       1.0000       0.0000      -2485.0       0.0000       0.0000       3567.0      -756.74       0.0000       0.0000      3.17424E-04  -325.01    
  347.2254130       1.0000       0.0000      -2463.9       0.0000       0.0000       3543.5      -754.54       0.0000       0.0000      3.17424E-04  -324.86    
  347.4508261       1.0000       0.0000      -2444.2       0.0000       0.0000       3521.6      -752.52       0.0000       0.0000      3.17424E-04  -324.72    
  347.9016521       1.0000       0.0000      -2409.3       0.0000       0.0000       3482.6      -748.73       0.0000       0.0000      3.17424E-04  -324.41    
  348.0000000       1.0000       0.0000      -2402.0       0.0000       0.0000       3474.3      -747.92       0.0000       0.0000      3.17424E-04  -324.34    
  348.0000000       1.0000       0.0000      -2402.0       0.0000       0.0000       3474.3      -747.92       0.0000       0.0000      3.17424E-04  -324.34    
  348.3606609       1.0000       0.0000      -2377.2       0.0000       0.0000       3446.9      -745.50       0.0000       0.0000      3.17424E-04  -324.17    
  348.7213217       1.0000       0.0000      -2354.4       0.0000       0.0000       3421.9      -743.44       0.0000       0.0000      3.17424E-04  -324.00    
  349.0000000       1.0000       0.0000      -2337.8       0.0000       0.0000       3403.6      -741.97       0.0000       0.0000      3.17424E-04  -323.88    
  349.0000000       1.0000       0.0000      -2337.8       0.0000       0.0000       3403.6      -741.97       0.0000       0.0000      3.17424E-04  -323.88    
  349.2885287       1.0000       0.0000      -2321.5       0.0000       0.0000       3386.5      -741.09       0.0000       0.0000      3.17424E-04  -323.85    
  349.5770574       1.0000       0.0000      -2306.1       0.0000       0.0000       3370.7      -740.72       0.0000       0.0000      3.17424E-04  -323.86    
  350.0000000       1.0000       0.0000      -2285.2       0.0000       0.0000       3349.7      -740.62       0.0000       0.0000      3.17424E-04  -323.86    
  350.0000000       1.0000       0.0000      -2285.2       0.0000       0.0000       3349.7      -740.62       0.0000       0.0000      3.17424E-04  -323.86    
  350.2308229       1.0000       0.0000      -2274.2       0.0000       0.0000       3339.2      -741.10       0.0000       0.0000      3.17424E-04  -323.96    
  350.4616459       1.0000       0.0000      -2263.6       0.0000       0.0000       3329.7      -742.06       0.0000       0.0000      3.17424E-04  -324.10    
  350.9232918       1.0000       0.0000      -2243.8       0.0000       0.0000       3312.9      -744.76       0.0000       0.0000      3.17424E-04  -324.37    
  351.0000000       1.0000       0.0000      -2240.5       0.0000       0.0000       3310.2      -745.23       0.0000       0.0000      3.17424E-04  -324.42    
  351.0000000       1.0000       0.0000      -2240.5       0.0000       0.0000       3310.2      -745.23       0.0000       0.0000      3.17424E-04  -324.42    
  351.3693167       1.0000       0.0000      -2225.7       0.0000       0.0000       3298.4      -747.99       0.0000       0.0000      3.17424E-04  -324.70    
  351.7386334       1.0000       0.0000      -2211.6       0.0000       0.0000       3287.7      -751.05       0.0000       0.0000      3.17424E-04  -324.99    
  352.0000000       1.0000       0.0000      -2202.0       0.0000       0.0000       3280.5      -753.29       0.0000       0.0000      3.17424E-04  -325.19    
  352.0000000       1.0000       0.0000      -2202.0       0.0000       0.0000       3280.5      -753.29       0.0000       0.0000      3.17424E-04  -325.19    
  352.2954534       1.0000       0.0000      -2191.7       0.0000       0.0000       3273.2      -756.11       0.0000       0.0000      3.17424E-04  -325.47    
  352.5909067       1.0000       0.0000      -2181.7       0.0000       0.0000       3266.6      -759.15       0.0000       0.0000      3.17424E-04  -325.76    
  353.0000000       1.0000       0.0000      -2168.7       0.0000       0.0000       3258.4      -763.53       0.0000       0.0000      3.13015E-04  -326.17    
  353.0000000       1.0000       0.0000      -2168.7       0.0000       0.0000       3258.4      -763.53       0.0000       0.0000      3.13015E-04  -326.17    
  353.2363627       1.0000       0.0000      -2161.5       0.0000       0.0000       3254.5      -766.48       0.0000       0.0000      2.95781E-04  -326.48    
  353.4727254       1.0000       0.0000      -2154.5       0.0000       0.0000       3251.2      -769.84       0.0000       0.0000      2.66524E-04  -326.83    
  353.9454508       1.0000       0.0000      -2141.5       0.0000       0.0000       3246.2      -777.18       0.0000       0.0000      1.71939E-04  -327.53    
  354.0000000       1.0000       0.0000      -2140.1       0.0000       0.0000       3245.7      -778.05       0.0000       0.0000      1.58712E-04  -327.61    
  354.0000000       1.0000       0.0000      -2140.1       0.0000       0.0000       3245.7      -778.05       0.0000       0.0000      1.58712E-04  -327.61    
  354.0046237       1.0000       0.0000      -1556.4       0.0000       0.0000       1667.1      -743.46       0.0000       0.0000      1.57591E-04  -323.24    
  354.0092475       1.0000       0.0000      -976.84       0.0000       0.0000       188.11      -709.37       0.0000       0.0000      1.56469E-04  -314.95    
  354.0134996       1.0000       0.0000      -850.23       0.0000       0.0000       0.0000      -702.46       0.0000       0.0000      1.55438E-04  -307.13    
  354.0183218       1.0000       0.0000      -784.77       0.0000       0.0000       0.0000      -699.33       0.0000       0.0000      1.54269E-04  -298.63    
  354.0235101       1.0000       0.0000      -718.59       0.0000       0.0000       0.0000      -696.24       0.0000       0.0000      1.53011E-04  -289.89    
  354.0295713       1.0000       0.0000      -645.73       0.0000       0.0000       0.0000      -692.96       0.0000       0.0000      1.51541E-04  -280.18    
  354.0367419       1.0000       0.0000      -566.02       0.0000       0.0000       0.0000      -689.51       0.0000       0.0000      1.49803E-04  -269.37    
  354.0460349       1.0000       0.0000      -472.94       0.0000       0.0000       0.0000      -685.66       0.0000       0.0000      1.47549E-04  -256.37    
  354.0614279       1.0000       0.0000      -341.43       0.0000       0.0000       0.0000      -680.68       0.0000       0.0000      1.43817E-04  -237.21    
  354.0775729       1.0000       0.0000      -224.76       0.0000       0.0000       0.0000      -676.68       0.0000       0.0000      1.39902E-04  -219.32    
  354.0952766       1.0000       0.0000      -111.87       0.0000       0.0000       0.0000      -673.44       0.0000       0.0000      1.35609E-04  -202.04    
  354.1128115       1.0000       0.0000      -26.335       0.0000       0.0000       0.0000      -671.19       0.0000       0.0000      1.31358E-04  -186.72    
  354.1321496       1.0000       0.0000       56.133       0.0000       0.0000       0.0000      -669.49       0.0000       0.0000      1.26669E-04  -171.71    
  354.1529005       1.0000       0.0000      -334.36       0.0000       0.0000       1108.3      -695.64       0.0000       0.0000      1.21637E-04  -169.86    
  354.1761510       1.0000       0.0000      -687.49       0.0000       0.0000       1949.2      -719.68       0.0000       0.0000      1.15999E-04  -178.25    
  354.2021222       1.0000       0.0000      -830.17       0.0000       0.0000       2166.3      -731.13       0.0000       0.0000      1.09795E-04  -188.97    
  354.2320602       1.0000       0.0000      -783.86       0.0000       0.0000       1923.9      -731.10       0.0000       0.0000      1.03856E-04  -195.33    
  354.2670946       1.0000       0.0000      -678.82       0.0000       0.0000       1611.1      -727.31       0.0000       0.0000      9.69056E-05  -195.69    
  354.3091523       1.0000       0.0000      -629.68       0.0000       0.0000       1493.1      -726.68       0.0000       0.0000      8.85618E-05  -193.38    
  354.3610320       1.0000       0.0000      -647.02       0.0000       0.0000       1541.0      -729.93       0.0000       0.0000      7.82694E-05  -192.01    
  354.4278502       1.0000       0.0000      -681.31       0.0000       0.0000       1607.0      -734.04       0.0000       0.0000      6.62412E-05  -192.05    
  354.5178893       1.0000       0.0000      -709.35       0.0000       0.0000       1641.8      -737.49       0.0000       0.0000      5.23479E-05  -192.38    
  354.6471901       1.0000       0.0000      -745.52       0.0000       0.0000       1679.2      -740.81       0.0000       0.0000      3.44768E-05  -192.56    
  354.8514402       1.0000       0.0000      -804.55       0.0000       0.0000       1741.8      -744.55       0.0000       0.0000      1.42329E-05  -192.77    
  355.0000000       1.0000       0.0000      -844.64       0.0000       0.0000       1784.4      -746.76       0.0000       0.0000      4.40866E-06  -192.94    
  355.0000000       1.0000       0.0000      -844.63       0.0000       0.0000       1784.4      -746.76       0.0000       0.0000      4.40866E-06  -192.94    
  355.0034017       1.0000       0.0000      -845.51       0.0000       0.0000       1785.4      -746.81       0.0000       0.0000      4.33368E-06  -192.95    
  355.0068033       1.0000       0.0000      -846.38       0.0000       0.0000       1786.3      -746.86       0.0000       0.0000      4.25869E-06  -192.95    
  355.0136067       1.0000       0.0000      -848.12       0.0000       0.0000       1788.2      -746.95       0.0000       0.0000      4.10872E-06  -192.96    
  355.0272133       1.0000       0.0000      -851.57       0.0000       0.0000       1791.9      -747.15       0.0000       0.0000      3.80879E-06  -192.98    
  355.0544267       1.0000       0.0000      -858.26       0.0000       0.0000       1799.0      -747.51       0.0000       0.0000      3.20892E-06  -193.01    
  355.1088533       1.0000       0.0000      -871.33       0.0000       0.0000       1812.7      -748.19       0.0000       0.0000      2.00917E-06  -193.07    
  355.2177067       1.0000       0.0000      -896.39       0.0000       0.0000       1839.0      -749.38       0.0000       0.0000       0.0000      -193.17    
  355.4354134       1.0000       0.0000      -942.92       0.0000       0.0000       1887.8      -751.46       0.0000       0.0000       0.0000      -193.37    
  355.8708268       1.0000       0.0000      -1022.9       0.0000       0.0000       1972.0      -755.23       0.0000       0.0000       0.0000      -193.77    
  356.0000000       1.0000       0.0000      -1045.9       0.0000       0.0000       1996.1      -756.34       0.0000       0.0000       0.0000      -193.88    
  356.0000000       1.0000       0.0000      -1045.9       0.0000       0.0000       1996.1      -756.34       0.0000       0.0000       0.0000      -193.88    
  356.3483307       1.0000       0.0000      -1100.7       0.0000       0.0000       2054.2      -759.30       0.0000       0.0000       0.0000      -194.20    
  356.6966614       1.0000       0.0000      -1149.7       0.0000       0.0000       2106.5      -762.27       0.0000       0.0000       0.0000      -194.52    
  357.0000000       1.0000       0.0000      -1188.4       0.0000       0.0000       2148.1      -764.89       0.0000       0.0000       0.0000      -194.79    
  357.0000000       1.0000       0.0000      -1188.4       0.0000       0.0000       2148.1      -764.89       0.0000       0.0000       0.0000      -194.79    
  357.2786646       1.0000       0.0000      -1221.0       0.0000       0.0000       2183.1      -767.10       0.0000       0.0000       0.0000      -195.00    
  357.5573291       1.0000       0.0000      -1250.5       0.0000       0.0000       2214.9      -769.13       0.0000       0.0000       0.0000      -195.20    
  358.0000000       1.0000       0.0000      -1291.7       0.0000       0.0000       2259.4      -772.21       0.0000       0.0000       0.0000      -195.51    
  358.0000000       1.0000       0.0000      -1291.7       0.0000       0.0000       2259.4      -772.21       0.0000       0.0000       0.0000      -195.51    
  358.2229317       1.0000       0.0000      -1311.2       0.0000       0.0000       2280.6      -773.75       0.0000       0.0000       0.0000      -195.66    
  358.4458633       1.0000       0.0000      -1329.5       0.0000       0.0000       2300.6      -775.29       0.0000       0.0000       0.0000      -196.59    
  358.4664374       1.0000       0.0000      -1331.2       0.0000       0.0000       2302.5      -775.44       0.0000       0.0000       0.0000      -196.72    
  358.5075855       1.0000       0.0000      -1334.5       0.0000       0.0000       2306.2      -775.72       0.0000       0.0000       0.0000      -196.98    
  358.5075855       1.0000       0.0000      -1334.5       0.0000       0.0000       2306.2      -775.72       0.0000       0.0000       0.0000      -196.98    
  358.6859308       1.0000       0.0000      -1348.3       0.0000       0.0000       2321.3      -776.97       0.0000       0.0000       0.0000      -197.91    
  358.8642762       1.0000       0.0000      -1361.4       0.0000       0.0000       2335.8      -778.23       0.0000       0.0000       0.0000      -198.71    
  359.0000000       1.0000       0.0000      -1371.0       0.0000       0.0000       2346.4      -779.20       0.0000       0.0000       0.0000      -199.25    
  359.0000000       1.0000       0.0000      -1371.0       0.0000       0.0000       2346.4      -779.20       0.0000       0.0000       0.0000      -199.25    
  359.1426763       1.0000       0.0000      -1380.7       0.0000       0.0000       2357.3      -780.19       0.0000       0.0000       0.0000      -199.69    
  359.2853525       1.0000       0.0000      -1390.1       0.0000       0.0000       2367.7      -781.14       0.0000       0.0000       0.0000      -200.02    
  359.5707050       1.0000       0.0000      -1407.7       0.0000       0.0000       2387.3      -782.97       0.0000       0.0000       0.0000      -200.57    
  360.0000000       1.0000       0.0000      -1431.9       0.0000       0.0000       2414.4      -785.62       0.0000       0.0000       0.0000      -201.17    
