#      time         order        qbridges     qcdwalls2z   qdaylite     qequip2zon   qhc2zone     qlcwinds2z   qlite        qloss        qocc2zone    qterm2zone
  336.0000000       1.0000       0.0000      -1447.1       0.0000       0.0000       2256.7      -612.73       0.0000       0.0000       0.0000      -201.18    
  336.0277111       1.0000       0.0000      -1448.7       0.0000       0.0000       2258.4      -612.86       0.0000       0.0000       0.0000      -201.25    
  336.0554222       1.0000       0.0000      -1450.2       0.0000       0.0000       2260.1      -613.00       0.0000       0.0000       0.0000      -201.29    
  336.0682198       1.0000       0.0000      -1450.9       0.0000       0.0000       2260.9      -613.06       0.0000       0.0000       0.0000      -201.30    
  336.0682198       1.0000       0.0000      -1450.9       0.0000       0.0000       2260.9      -613.06       0.0000       0.0000       0.0000      -201.30    
  336.0903887       1.0000       0.0000      -1452.2       0.0000       0.0000       2262.2      -613.16       0.0000       0.0000       0.0000      -201.29    
  336.1125575       1.0000       0.0000      -1453.4       0.0000       0.0000       2263.6      -613.26       0.0000       0.0000       0.0000      -201.28    
  336.1568953       1.0000       0.0000      -1455.8       0.0000       0.0000       2266.2      -613.46       0.0000       0.0000       0.0000      -201.25    
  336.2455708       1.0000       0.0000      -1460.6       0.0000       0.0000       2271.4      -613.84       0.0000       0.0000       0.0000      -201.21    
  336.4229219       1.0000       0.0000      -1469.8       0.0000       0.0000       2281.4      -614.50       0.0000       0.0000       0.0000      -201.15    
  336.7776240       1.0000       0.0000      -1487.0       0.0000       0.0000       2299.9      -615.70       0.0000       0.0000       0.0000      -201.10    
  337.0000000       1.0000       0.0000      -1497.4       0.0000       0.0000       2311.1      -616.42       0.0000       0.0000       0.0000      -201.08    
  337.0000000       1.0000       0.0000      -1497.4       0.0000       0.0000       2311.1      -616.42       0.0000       0.0000       0.0000      -201.08    
  337.2837617       1.0000       0.0000      -1510.0       0.0000       0.0000       2324.5      -617.23       0.0000       0.0000       0.0000      -200.92    
  337.5675234       1.0000       0.0000      -1522.0       0.0000       0.0000       2337.4      -617.96       0.0000       0.0000       0.0000      -200.76    
  338.0000000       1.0000       0.0000      -1539.1       0.0000       0.0000       2355.6      -619.00       0.0000       0.0000       0.0000      -200.63    
  338.0000000       1.0000       0.0000      -1539.1       0.0000       0.0000       2355.6      -619.00       0.0000       0.0000       0.0000      -200.63    
  338.2270094       1.0000       0.0000      -1547.8       0.0000       0.0000       2364.9      -619.54       0.0000       0.0000       0.0000      -200.59    
  338.4540187       1.0000       0.0000      -1556.2       0.0000       0.0000       2373.9      -620.07       0.0000       0.0000       0.0000      -200.56    
  338.9080375       1.0000       0.0000      -1572.0       0.0000       0.0000       2391.0      -621.12       0.0000       0.0000       0.0000      -200.57    
  339.0000000       1.0000       0.0000      -1575.2       0.0000       0.0000       2394.4      -621.34       0.0000       0.0000       0.0000      -200.57    
  339.0000000       1.0000       0.0000      -1575.2       0.0000       0.0000       2394.4      -621.34       0.0000       0.0000       0.0000      -200.57    
  339.3632150       1.0000       0.0000      -1587.2       0.0000       0.0000       2407.1      -622.05       0.0000       0.0000       0.0000      -200.39    
  339.7264300       1.0000       0.0000      -1598.6       0.0000       0.0000       2419.3      -622.66       0.0000       0.0000       0.0000      -200.23    
  340.0000000       1.0000       0.0000      -1607.0       0.0000       0.0000       2428.1      -623.09       0.0000       0.0000       0.0000      -200.15    
  340.0000000       1.0000       0.0000      -1607.0       0.0000       0.0000       2428.1      -623.09       0.0000       0.0000       0.0000      -200.15    
  340.2001218       1.0000       0.0000      -1612.9       0.0000       0.0000       2434.2      -623.22       0.0000       0.0000       0.0000      -199.68    
  340.4002436       1.0000       0.0000      -1618.8       0.0000       0.0000       2439.9      -623.14       0.0000       0.0000       0.0000      -199.08    
  340.4264857       1.0000       0.0000      -1619.5       0.0000       0.0000       2440.6      -623.13       0.0000       0.0000       0.0000      -199.00    
  340.4789699       1.0000       0.0000      -1621.1       0.0000       0.0000       2442.1      -623.10       0.0000       0.0000       0.0000      -198.85    
  340.4789699       1.0000       0.0000      -1621.1       0.0000       0.0000       2442.1      -623.10       0.0000       0.0000       0.0000      -198.85    
  340.6390673       1.0000       0.0000      -1625.6       0.0000       0.0000       2446.4      -622.91       0.0000       0.0000       0.0000      -198.45    
  340.7991647       1.0000       0.0000      -1630.1       0.0000       0.0000       2450.6      -622.67       0.0000       0.0000       0.0000      -198.11    
  341.0000000       1.0000       0.0000      -1635.6       0.0000       0.0000       2455.8      -622.33       0.0000       0.0000       0.0000      -197.75    
  341.0000000       1.0000       0.0000      -1635.6       0.0000       0.0000       2455.8      -622.33       0.0000       0.0000       0.0000      -197.75    
  341.0334978       1.0000       0.0000      -1636.5       0.0000       0.0000       2456.6      -622.28       0.0000       0.0000       0.0000      -197.69    
  341.0669955       1.0000       0.0000      -1637.4       0.0000       0.0000       2457.5      -622.22       0.0000       0.0000       0.0000      -197.63    
  341.0986329       1.0000       0.0000      -1638.3       0.0000       0.0000       2458.2      -622.15       0.0000       0.0000       0.0000      -197.44    
  341.1209903       1.0000       0.0000      -1638.9       0.0000       0.0000       2458.7      -622.09       0.0000       0.0000       0.0000      -197.30    
  341.1405617       1.0000       0.0000      -1639.4       0.0000       0.0000       2459.2      -622.04       0.0000       0.0000       0.0000      -197.18    
  341.1612116       1.0000       0.0000      -1639.9       0.0000       0.0000       2459.7      -621.98       0.0000       0.0000       0.0000      -197.06    
  341.1798055       1.0000       0.0000      -1640.4       0.0000       0.0000       2460.1      -621.92       0.0000       0.0000       0.0000      -196.95    
  341.1984890       1.0000       0.0000      -1640.9       0.0000       0.0000       2460.5      -621.87       0.0000       0.0000       0.0000      -196.84    
  341.2164927       1.0000       0.0000      -1641.4       0.0000       0.0000       2460.9      -621.81       0.0000       0.0000       0.0000      -196.74    
  341.2347019       1.0000       0.0000      -1641.9       0.0000       0.0000       2461.3      -621.74       0.0000       0.0000       0.0000      -196.64    
  341.2529417       1.0000       0.0000      -1642.4       0.0000       0.0000       2461.7      -621.68       0.0000       0.0000       0.0000      -196.54    
  341.2719537       1.0000       0.0000      -1642.9       0.0000       0.0000       2462.2      -621.61       0.0000       0.0000       0.0000      -196.43    
  341.2926427       1.0000       0.0000      -1643.4       0.0000       0.0000       2462.6      -621.53       0.0000       0.0000       0.0000      -196.32    
  341.3153501       1.0000       0.0000      -1644.0       0.0000       0.0000       2463.1      -621.43       0.0000       0.0000       0.0000      -196.20    
  341.3408346       1.0000       0.0000      -1644.7       0.0000       0.0000       2463.6      -621.32       0.0000       0.0000       0.0000      -196.07    
  341.3695986       1.0000       0.0000      -1645.4       0.0000       0.0000       2464.2      -621.20       0.0000       0.0000       0.0000      -195.93    
  341.4029150       1.0000       0.0000      -1646.3       0.0000       0.0000       2464.9      -621.04       0.0000       0.0000       0.0000      -195.77    
  341.4420061       1.0000       0.0000      -1647.3       0.0000       0.0000       2465.7      -620.85       0.0000       0.0000       0.0000      -195.59    
  341.4891999       1.0000       0.0000      -1648.5       0.0000       0.0000       2466.7      -620.61       0.0000       0.0000       0.0000      -195.37    
  341.5478014       1.0000       0.0000      -1650.0       0.0000       0.0000       2467.8      -620.30       0.0000       0.0000       0.0000      -195.12    
  341.6239840       1.0000       0.0000      -1652.0       0.0000       0.0000       2469.3      -619.88       0.0000       0.0000       0.0000      -194.81    
  341.7273979       1.0000       0.0000      -1654.6       0.0000       0.0000       2471.2      -619.29       0.0000       0.0000       0.0000      -194.42    
  341.8824781       1.0000       0.0000      -1658.4       0.0000       0.0000       2474.0      -618.38       0.0000       0.0000      1.81653E-06  -193.90    
  342.0000000       1.0000       0.0000      -1661.3       0.0000       0.0000       2476.1      -617.68       0.0000       0.0000      4.41240E-06  -193.54    
  342.0000000       1.0000       0.0000      -1661.3       0.0000       0.0000       2476.1      -617.68       0.0000       0.0000      4.40890E-06  -193.54    
  342.0253099       1.0000       0.0000      -1661.9       0.0000       0.0000       2476.6      -617.52       0.0000       0.0000      6.08273E-06  -193.46    
  342.0506198       1.0000       0.0000      -1662.5       0.0000       0.0000       2477.0      -617.37       0.0000       0.0000      7.75656E-06  -193.39    
  342.1012396       1.0000       0.0000      -1663.7       0.0000       0.0000       2477.8      -617.02       0.0000       0.0000      1.11042E-05  -192.93    
  342.2024792       1.0000       0.0000      -1666.1       0.0000       0.0000       2479.2      -616.16       0.0000       0.0000      1.79088E-05  -191.75    
  342.4049584       1.0000       0.0000      -1670.8       0.0000       0.0000       2481.2      -613.89       0.0000       0.0000      4.04449E-05  -189.75    
  342.8099168       1.0000       0.0000      -1679.7       0.0000       0.0000       2484.0      -608.51       0.0000       0.0000      1.12625E-04  -186.56    
  343.0000000       1.0000       0.0000      -1683.8       0.0000       0.0000       2485.2      -605.87       0.0000       0.0000      1.58716E-04  -186.40    
  343.0000000       1.0000       0.0000      -1683.8       0.0000       0.0000       2485.2      -605.87       0.0000       0.0000      1.58716E-04  -186.40    
  343.0343953       1.0000       0.0000      -4055.1       0.0000       0.0000       7407.4      -707.54       0.0000       0.0000      1.67032E-04  -267.28    
  343.0687906       1.0000       0.0000      -4423.2       0.0000       0.0000       7168.7      -716.81       0.0000       0.0000      1.75363E-04  -325.22    
  343.1011780       1.0000       0.0000      -3976.8       0.0000       0.0000       5538.0      -690.14       0.0000       0.0000      1.83250E-04  -342.13    
  343.1334435       1.0000       0.0000      -3504.3       0.0000       0.0000       4350.5      -664.23       0.0000       0.0000      1.91074E-04  -337.13    
  343.1754500       1.0000       0.0000      -3274.2       0.0000       0.0000       3996.2      -650.28       0.0000       0.0000      2.01259E-04  -326.48    
  343.2406228       1.0000       0.0000      -3285.5       0.0000       0.0000       4193.9      -647.22       0.0000       0.0000      2.15271E-04  -322.43    
  343.3212050       1.0000       0.0000      -3296.4       0.0000       0.0000       4280.6      -644.58       0.0000       0.0000      2.31258E-04  -323.59    
  343.4506987       1.0000       0.0000      -3239.0       0.0000       0.0000       4213.5      -639.11       0.0000       0.0000      2.54713E-04  -324.75    
  343.6548112       1.0000       0.0000      -3149.2       0.0000       0.0000       4112.4      -633.10       0.0000       0.0000      2.83791E-04  -325.38    
  344.0000000       1.0000       0.0000      -3028.1       0.0000       0.0000       3983.7      -626.25       0.0000       0.0000      3.13018E-04  -325.97    
  344.0000000       1.0000       0.0000      -3028.1       0.0000       0.0000       3983.7      -626.25       0.0000       0.0000      3.13018E-04  -325.97    
  344.0275162       1.0000       0.0000      -3018.7       0.0000       0.0000       3973.7      -625.72       0.0000       0.0000      3.13625E-04  -326.01    
  344.0550325       1.0000       0.0000      -3009.5       0.0000       0.0000       3964.0      -625.21       0.0000       0.0000      3.14231E-04  -326.05    
  344.1100650       1.0000       0.0000      -2991.6       0.0000       0.0000       3945.1      -624.25       0.0000       0.0000      3.15444E-04  -326.14    
  344.2201299       1.0000       0.0000      -2958.0       0.0000       0.0000       3909.5      -622.48       0.0000       0.0000      3.17426E-04  -326.28    
  344.4402598       1.0000       0.0000      -2898.5       0.0000       0.0000       3846.5      -619.27       0.0000       0.0000      3.17426E-04  -326.43    
  344.8805197       1.0000       0.0000      -2801.8       0.0000       0.0000       3743.0      -613.25       0.0000       0.0000      3.17425E-04  -326.40    
  345.0000000       1.0000       0.0000      -2777.2       0.0000       0.0000       3716.6      -611.64       0.0000       0.0000      3.17425E-04  -326.37    
  345.0000000       1.0000       0.0000      -2777.2       0.0000       0.0000       3716.6      -611.64       0.0000       0.0000      3.17425E-04  -326.37    
  345.3522079       1.0000       0.0000      -2714.9       0.0000       0.0000       3649.3      -607.18       0.0000       0.0000      3.17425E-04  -326.21    
  345.7044157       1.0000       0.0000      -2661.0       0.0000       0.0000       3590.6      -602.90       0.0000       0.0000      3.17424E-04  -325.96    
  346.0000000       1.0000       0.0000      -2619.7       0.0000       0.0000       3545.3      -599.34       0.0000       0.0000      3.17424E-04  -325.70    
  346.0000000       1.0000       0.0000      -2619.7       0.0000       0.0000       3545.3      -599.34       0.0000       0.0000      3.17424E-04  -325.70    
  346.2817663       1.0000       0.0000      -2582.6       0.0000       0.0000       3505.0      -596.39       0.0000       0.0000      3.17424E-04  -325.51    
  346.5635326       1.0000       0.0000      -2549.4       0.0000       0.0000       3468.8      -593.81       0.0000       0.0000      3.17424E-04  -325.33    
  347.0000000       1.0000       0.0000      -2505.0       0.0000       0.0000       3420.4      -590.17       0.0000       0.0000      3.17424E-04  -325.01    
  347.0000000       1.0000       0.0000      -2505.0       0.0000       0.0000       3420.4      -590.17       0.0000       0.0000      3.17424E-04  -325.01    
  347.2254130       1.0000       0.0000      -2483.7       0.0000       0.0000       3397.2      -588.46       0.0000       0.0000      3.17424E-04  -324.86    
  347.4508261       1.0000       0.0000      -2463.9       0.0000       0.0000       3375.7      -586.88       0.0000       0.0000      3.17424E-04  -324.72    
  347.9016521       1.0000       0.0000      -2428.9       0.0000       0.0000       3337.4      -583.93       0.0000       0.0000      3.17424E-04  -324.41    
  348.0000000       1.0000       0.0000      -2421.5       0.0000       0.0000       3329.3      -583.30       0.0000       0.0000      3.17424E-04  -324.34    
  348.0000000       1.0000       0.0000      -2421.5       0.0000       0.0000       3329.3      -583.30       0.0000       0.0000      3.17424E-04  -324.34    
  348.3606609       1.0000       0.0000      -2396.7       0.0000       0.0000       3302.3      -581.41       0.0000       0.0000      3.17424E-04  -324.16    
  348.7213217       1.0000       0.0000      -2373.8       0.0000       0.0000       3277.6      -579.81       0.0000       0.0000      3.17424E-04  -324.00    
  349.0000000       1.0000       0.0000      -2357.1       0.0000       0.0000       3259.7      -578.67       0.0000       0.0000      3.17424E-04  -323.88    
  349.0000000       1.0000       0.0000      -2357.1       0.0000       0.0000       3259.7      -578.67       0.0000       0.0000      3.17424E-04  -323.88    
  349.2885287       1.0000       0.0000      -2340.8       0.0000       0.0000       3242.7      -577.98       0.0000       0.0000      3.17424E-04  -323.85    
  349.5770574       1.0000       0.0000      -2325.4       0.0000       0.0000       3227.0      -577.69       0.0000       0.0000      3.17424E-04  -323.86    
  350.0000000       1.0000       0.0000      -2304.4       0.0000       0.0000       3205.9      -577.61       0.0000       0.0000      3.17424E-04  -323.86    
  350.0000000       1.0000       0.0000      -2304.4       0.0000       0.0000       3205.9      -577.61       0.0000       0.0000      3.17424E-04  -323.86    
  350.2308229       1.0000       0.0000      -2293.4       0.0000       0.0000       3195.4      -577.99       0.0000       0.0000      3.17424E-04  -323.96    
  350.4616459       1.0000       0.0000      -2282.8       0.0000       0.0000       3185.6      -578.74       0.0000       0.0000      3.17424E-04  -324.10    
  350.9232918       1.0000       0.0000      -2263.0       0.0000       0.0000       3168.2      -580.85       0.0000       0.0000      3.17424E-04  -324.37    
  351.0000000       1.0000       0.0000      -2259.7       0.0000       0.0000       3165.4      -581.21       0.0000       0.0000      3.17424E-04  -324.42    
  351.0000000       1.0000       0.0000      -2259.7       0.0000       0.0000       3165.4      -581.21       0.0000       0.0000      3.17424E-04  -324.42    
  351.3693167       1.0000       0.0000      -2244.9       0.0000       0.0000       3153.0      -583.36       0.0000       0.0000      3.17424E-04  -324.70    
  351.7386334       1.0000       0.0000      -2230.9       0.0000       0.0000       3141.6      -585.75       0.0000       0.0000      3.17424E-04  -324.99    
  352.0000000       1.0000       0.0000      -2221.3       0.0000       0.0000       3134.0      -587.50       0.0000       0.0000      3.17424E-04  -325.20    
  352.0000000       1.0000       0.0000      -2221.3       0.0000       0.0000       3134.0      -587.50       0.0000       0.0000      3.17424E-04  -325.20    
  352.2954534       1.0000       0.0000      -2210.9       0.0000       0.0000       3126.1      -589.70       0.0000       0.0000      3.17424E-04  -325.47    
  352.5909067       1.0000       0.0000      -2201.0       0.0000       0.0000       3118.8      -592.07       0.0000       0.0000      3.17424E-04  -325.76    
  353.0000000       1.0000       0.0000      -2188.1       0.0000       0.0000       3109.7      -595.48       0.0000       0.0000      3.13015E-04  -326.17    
  353.0000000       1.0000       0.0000      -2188.1       0.0000       0.0000       3109.7      -595.48       0.0000       0.0000      3.13015E-04  -326.17    
  353.2363627       1.0000       0.0000      -2180.8       0.0000       0.0000       3105.1      -597.79       0.0000       0.0000      2.95781E-04  -326.48    
  353.4727254       1.0000       0.0000      -2173.9       0.0000       0.0000       3101.1      -600.40       0.0000       0.0000      2.66524E-04  -326.83    
  353.9454508       1.0000       0.0000      -2160.9       0.0000       0.0000       3094.6      -606.12       0.0000       0.0000      1.71939E-04  -327.53    
  354.0000000       1.0000       0.0000      -2159.5       0.0000       0.0000       3093.9      -606.80       0.0000       0.0000      1.58712E-04  -327.61    
  354.0000000       1.0000       0.0000      -2159.5       0.0000       0.0000       3093.9      -606.80       0.0000       0.0000      1.58712E-04  -327.61    
  354.0046237       1.0000       0.0000      -1568.2       0.0000       0.0000       1515.2      -579.89       0.0000       0.0000      1.57591E-04  -323.24    
  354.0092475       1.0000       0.0000      -981.29       0.0000       0.0000       36.273      -553.37       0.0000       0.0000      1.56469E-04  -314.95    
  354.0134996       1.0000       0.0000      -910.02       0.0000       0.0000       0.0000      -550.59       0.0000       0.0000      1.55438E-04  -307.52    
  354.0183218       1.0000       0.0000      -847.43       0.0000       0.0000       0.0000      -548.29       0.0000       0.0000      1.54269E-04  -299.43    
  354.0235101       1.0000       0.0000      -784.11       0.0000       0.0000       0.0000      -546.01       0.0000       0.0000      1.53011E-04  -291.12    
  354.0295713       1.0000       0.0000      -714.17       0.0000       0.0000       0.0000      -543.60       0.0000       0.0000      1.51541E-04  -281.89    
  354.0367419       1.0000       0.0000      -637.66       0.0000       0.0000       0.0000      -541.07       0.0000       0.0000      1.49803E-04  -271.61    
  354.0460349       1.0000       0.0000      -548.29       0.0000       0.0000       0.0000      -538.24       0.0000       0.0000      1.47549E-04  -259.25    
  354.0614279       1.0000       0.0000      -421.94       0.0000       0.0000       0.0000      -534.59       0.0000       0.0000      1.43817E-04  -241.03    
  354.0775729       1.0000       0.0000      -309.78       0.0000       0.0000       0.0000      -531.66       0.0000       0.0000      1.39902E-04  -224.02    
  354.0952766       1.0000       0.0000      -200.09       0.0000       0.0000       0.0000      -529.28       0.0000       0.0000      1.35609E-04  -207.62    
  354.1128115       1.0000       0.0000      -118.23       0.0000       0.0000       0.0000      -527.65       0.0000       0.0000      1.31358E-04  -193.08    
  354.1321496       1.0000       0.0000      -39.591       0.0000       0.0000       0.0000      -526.43       0.0000       0.0000      1.26669E-04  -178.85    
  354.1529005       1.0000       0.0000      -212.16       0.0000       0.0000       576.00      -536.67       0.0000       0.0000      1.21637E-04  -171.79    
  354.1761510       1.0000       0.0000      -587.42       0.0000       0.0000       1523.2      -556.14       0.0000       0.0000      1.15999E-04  -176.49    
  354.2021222       1.0000       0.0000      -793.45       0.0000       0.0000       1925.4      -567.88       0.0000       0.0000      1.09795E-04  -186.23    
  354.2320602       1.0000       0.0000      -800.18       0.0000       0.0000       1813.6      -570.37       0.0000       0.0000      1.03856E-04  -193.66    
  354.2670946       1.0000       0.0000      -710.86       0.0000       0.0000       1524.6      -568.25       0.0000       0.0000      9.69056E-05  -195.43    
  354.3091523       1.0000       0.0000      -651.57       0.0000       0.0000       1370.3      -567.36       0.0000       0.0000      8.85618E-05  -193.71    
  354.3610320       1.0000       0.0000      -658.28       0.0000       0.0000       1389.6      -569.40       0.0000       0.0000      7.82694E-05  -192.22    
  354.4278502       1.0000       0.0000      -690.85       0.0000       0.0000       1452.2      -572.51       0.0000       0.0000      6.62412E-05  -192.07    
  354.5178893       1.0000       0.0000      -720.45       0.0000       0.0000       1490.3      -575.26       0.0000       0.0000      5.23479E-05  -192.37    
  354.6471901       1.0000       0.0000      -754.57       0.0000       0.0000       1525.4      -577.83       0.0000       0.0000      3.44768E-05  -192.57    
  354.8514402       1.0000       0.0000      -812.95       0.0000       0.0000       1586.4      -580.73       0.0000       0.0000      1.42329E-05  -192.78    
  355.0000000       1.0000       0.0000      -855.43       0.0000       0.0000       1630.8      -582.48       0.0000       0.0000      4.40866E-06  -192.94    
  355.0000000       1.0000       0.0000      -855.43       0.0000       0.0000       1630.8      -582.48       0.0000       0.0000      4.40866E-06  -192.94    
  355.0034017       1.0000       0.0000      -856.42       0.0000       0.0000       1631.9      -582.52       0.0000       0.0000      4.33368E-06  -192.94    
  355.0068033       1.0000       0.0000      -857.33       0.0000       0.0000       1632.9      -582.56       0.0000       0.0000      4.25869E-06  -192.95    
  355.0136067       1.0000       0.0000      -859.13       0.0000       0.0000       1634.9      -582.64       0.0000       0.0000      4.10872E-06  -192.95    
  355.0272133       1.0000       0.0000      -862.68       0.0000       0.0000       1638.8      -582.79       0.0000       0.0000      3.80879E-06  -192.97    
  355.0544267       1.0000       0.0000      -869.50       0.0000       0.0000       1645.9      -583.08       0.0000       0.0000      3.20892E-06  -193.01    
  355.1088533       1.0000       0.0000      -882.65       0.0000       0.0000       1659.4      -583.60       0.0000       0.0000      2.00917E-06  -193.07    
  355.2177067       1.0000       0.0000      -907.88       0.0000       0.0000       1685.6      -584.52       0.0000       0.0000       0.0000      -193.17    
  355.4354134       1.0000       0.0000      -954.80       0.0000       0.0000       1734.3      -586.14       0.0000       0.0000       0.0000      -193.37    
  355.8708268       1.0000       0.0000      -1035.5       0.0000       0.0000       1818.4      -589.07       0.0000       0.0000       0.0000      -193.77    
  356.0000000       1.0000       0.0000      -1058.7       0.0000       0.0000       1842.5      -589.93       0.0000       0.0000       0.0000      -193.88    
  356.0000000       1.0000       0.0000      -1058.7       0.0000       0.0000       1842.5      -589.93       0.0000       0.0000       0.0000      -193.88    
  356.3483307       1.0000       0.0000      -1114.1       0.0000       0.0000       1900.5      -592.23       0.0000       0.0000       0.0000      -194.20    
  356.6966614       1.0000       0.0000      -1163.5       0.0000       0.0000       1952.6      -594.54       0.0000       0.0000       0.0000      -194.52    
  357.0000000       1.0000       0.0000      -1202.6       0.0000       0.0000       1994.0      -596.58       0.0000       0.0000       0.0000      -194.79    
  357.0000000       1.0000       0.0000      -1202.6       0.0000       0.0000       1994.0      -596.58       0.0000       0.0000       0.0000      -194.79    
  357.2786646       1.0000       0.0000      -1235.5       0.0000       0.0000       2028.8      -598.29       0.0000       0.0000       0.0000      -195.00    
  357.5573291       1.0000       0.0000      -1265.6       0.0000       0.0000       2060.7      -599.88       0.0000       0.0000       0.0000      -195.20    
  358.0000000       1.0000       0.0000      -1307.1       0.0000       0.0000       2104.9      -602.28       0.0000       0.0000       0.0000      -195.51    
  358.0000000       1.0000       0.0000      -1307.1       0.0000       0.0000       2104.9      -602.28       0.0000       0.0000       0.0000      -195.51    
  358.2229317       1.0000       0.0000      -1326.7       0.0000       0.0000       2125.8      -603.47       0.0000       0.0000       0.0000      -195.66    
  358.4458633       1.0000       0.0000      -1345.1       0.0000       0.0000       2145.6      -604.68       0.0000       0.0000       0.0000      -196.59    
  358.4664374       1.0000       0.0000      -1346.8       0.0000       0.0000       2147.5      -604.79       0.0000       0.0000       0.0000      -196.72    
  358.5075855       1.0000       0.0000      -1350.2       0.0000       0.0000       2151.1      -605.01       0.0000       0.0000       0.0000      -196.98    
  358.5075855       1.0000       0.0000      -1350.2       0.0000       0.0000       2151.1      -605.01       0.0000       0.0000       0.0000      -196.98    
  358.6859308       1.0000       0.0000      -1364.0       0.0000       0.0000       2166.0      -605.98       0.0000       0.0000       0.0000      -197.91    
  358.8642762       1.0000       0.0000      -1377.2       0.0000       0.0000       2180.3      -606.96       0.0000       0.0000       0.0000      -198.71    
  359.0000000       1.0000       0.0000      -1386.9       0.0000       0.0000       2190.9      -607.71       0.0000       0.0000       0.0000      -199.25    
  359.0000000       1.0000       0.0000      -1386.9       0.0000       0.0000       2190.9      -607.71       0.0000       0.0000       0.0000      -199.25    
  359.1426763       1.0000       0.0000      -1396.7       0.0000       0.0000       2201.5      -608.48       0.0000       0.0000       0.0000      -199.69    
  359.2853525       1.0000       0.0000      -1406.2       0.0000       0.0000       2211.8      -609.23       0.0000       0.0000       0.0000      -200.02    
  359.5707050       1.0000       0.0000      -1423.9       0.0000       0.0000       2231.1      -610.65       0.0000       0.0000       0.0000      -200.57    
  360.0000000       1.0000       0.0000      -1448.2       0.0000       0.0000       2257.8      -612.72       0.0000       0.0000       0.0000      -201.18    
