#      time         order        q_cool       q_equip      q_heat       q_light      q_loss       q_occ        qintw        ql_a         qventil      qwcb         qwind     
  336.0000000       1.0000       0.0000       0.0000       1572.5       0.0000       0.0000       0.0000       185.39      -64.509      -132.35      -1561.0       0.0000    
  336.0277111       1.0000       0.0000       0.0000       1574.1       0.0000       0.0000       0.0000       184.32      -64.526      -132.35      -1561.5       0.0000    
  336.0554222       1.0000       0.0000       0.0000       1575.6       0.0000       0.0000       0.0000       183.26      -64.543      -132.35      -1562.0       0.0000    
  336.0682198       1.0000       0.0000       0.0000       1576.3       0.0000       0.0000       0.0000       182.77      -64.550      -132.35      -1562.2       0.0000    
  336.0682198       1.0000       0.0000       0.0000       1576.3       0.0000       0.0000       0.0000       182.77      -64.550      -132.35      -1562.2       0.0000    
  336.0903887       1.0000       0.0000       0.0000       1577.6       0.0000       0.0000       0.0000       181.93      -64.559      -132.35      -1562.6       0.0000    
  336.1125575       1.0000       0.0000       0.0000       1578.8       0.0000       0.0000       0.0000       181.10      -64.567      -132.36      -1563.0       0.0000    
  336.1568953       1.0000       0.0000       0.0000       1581.2       0.0000       0.0000       0.0000       179.46      -64.584      -132.36      -1563.7       0.0000    
  336.2455708       1.0000       0.0000       0.0000       1586.0       0.0000       0.0000       0.0000       176.24      -64.618      -132.36      -1565.3       0.0000    
  336.4229219       1.0000       0.0000       0.0000       1595.2       0.0000       0.0000       0.0000       170.27      -64.686      -132.36      -1568.4       0.0000    
  336.7776240       1.0000       0.0000       0.0000       1612.4       0.0000       0.0000       0.0000       159.61      -64.822      -132.36      -1574.8       0.0000    
  337.0000000       1.0000       0.0000       0.0000       1622.8       0.0000       0.0000       0.0000       153.41      -64.908      -132.36      -1578.9       0.0000    
  337.0000000       1.0000       0.0000       0.0000       1622.8       0.0000       0.0000       0.0000       153.41      -64.908      -132.36      -1578.9       0.0000    
  337.2837617       1.0000       0.0000       0.0000       1635.3       0.0000       0.0000       0.0000       146.17      -64.995      -132.36      -1584.1       0.0000    
  337.5675234       1.0000       0.0000       0.0000       1647.2       0.0000       0.0000       0.0000       139.53      -65.075      -132.36      -1589.3       0.0000    
  338.0000000       1.0000       0.0000       0.0000       1664.2       0.0000       0.0000       0.0000       130.59      -65.198      -132.36      -1597.3       0.0000    
  338.0000000       1.0000       0.0000       0.0000       1664.2       0.0000       0.0000       0.0000       130.59      -65.198      -132.36      -1597.3       0.0000    
  338.2270094       1.0000       0.0000       0.0000       1672.9       0.0000       0.0000       0.0000       126.19      -65.264      -132.36      -1601.5       0.0000    
  338.4540187       1.0000       0.0000       0.0000       1681.3       0.0000       0.0000       0.0000       122.06      -65.329      -132.36      -1605.6       0.0000    
  338.9080375       1.0000       0.0000       0.0000       1697.1       0.0000       0.0000       0.0000       114.72      -65.461      -132.36      -1614.0       0.0000    
  339.0000000       1.0000       0.0000       0.0000       1700.2       0.0000       0.0000       0.0000       113.27      -65.488      -132.36      -1615.6       0.0000    
  339.0000000       1.0000       0.0000       0.0000       1700.2       0.0000       0.0000       0.0000       113.27      -65.488      -132.36      -1615.6       0.0000    
  339.3632150       1.0000       0.0000       0.0000       1712.1       0.0000       0.0000       0.0000       108.04      -65.562      -132.36      -1622.2       0.0000    
  339.7264300       1.0000       0.0000       0.0000       1723.5       0.0000       0.0000       0.0000       103.25      -65.630      -132.36      -1628.8       0.0000    
  340.0000000       1.0000       0.0000       0.0000       1731.8       0.0000       0.0000       0.0000       99.864      -65.682      -132.36      -1633.7       0.0000    
  340.0000000       1.0000       0.0000       0.0000       1731.8       0.0000       0.0000       0.0000       99.864      -65.682      -132.36      -1633.7       0.0000    
  340.2001218       1.0000       0.0000       0.0000       1737.7       0.0000       0.0000       0.0000       97.516      -65.663      -132.36      -1637.2       0.0000    
  340.4002436       1.0000       0.0000       0.0000       1743.4       0.0000       0.0000       0.0000       95.279      -65.616      -132.36      -1640.7       0.0000    
  340.4264857       1.0000       0.0000       0.0000       1744.2       0.0000       0.0000       0.0000       94.988      -65.610      -132.36      -1641.2       0.0000    
  340.4789699       1.0000       0.0000       0.0000       1745.6       0.0000       0.0000       0.0000       94.407      -65.598      -132.36      -1642.1       0.0000    
  340.4789699       1.0000       0.0000       0.0000       1745.6       0.0000       0.0000       0.0000       94.407      -65.598      -132.36      -1642.1       0.0000    
  340.6390673       1.0000       0.0000       0.0000       1750.1       0.0000       0.0000       0.0000       92.706      -65.562      -132.36      -1644.9       0.0000    
  340.7991647       1.0000       0.0000       0.0000       1754.5       0.0000       0.0000       0.0000       91.058      -65.526      -132.36      -1647.6       0.0000    
  341.0000000       1.0000       0.0000       0.0000       1759.8       0.0000       0.0000       0.0000       89.070      -65.482      -132.36      -1651.1       0.0000    
  341.0000000       1.0000       0.0000       0.0000       1759.8       0.0000       0.0000       0.0000       89.070      -65.482      -132.36      -1651.1       0.0000    
  341.0334978       1.0000       0.0000       0.0000       1760.7       0.0000       0.0000       0.0000       88.740      -65.475      -132.36      -1651.6       0.0000    
  341.0669955       1.0000       0.0000       0.0000       1761.6       0.0000       0.0000       0.0000       88.413      -65.468      -132.36      -1652.2       0.0000    
  341.0986329       1.0000       0.0000       0.0000       1762.4       0.0000       0.0000       0.0000       88.108      -65.444      -132.36      -1652.7       0.0000    
  341.1209903       1.0000       0.0000       0.0000       1763.0       0.0000       0.0000       0.0000       87.896      -65.427      -132.37      -1653.1       0.0000    
  341.1405617       1.0000       0.0000       0.0000       1763.5       0.0000       0.0000       0.0000       87.711      -65.413      -132.37      -1653.4       0.0000    
  341.1612116       1.0000       0.0000       0.0000       1764.0       0.0000       0.0000       0.0000       87.518      -65.397      -132.37      -1653.8       0.0000    
  341.1798055       1.0000       0.0000       0.0000       1764.5       0.0000       0.0000       0.0000       87.345      -65.383      -132.37      -1654.1       0.0000    
  341.1984890       1.0000       0.0000       0.0000       1765.0       0.0000       0.0000       0.0000       87.172      -65.369      -132.37      -1654.4       0.0000    
  341.2164927       1.0000       0.0000       0.0000       1765.4       0.0000       0.0000       0.0000       87.005      -65.355      -132.37      -1654.7       0.0000    
  341.2347019       1.0000       0.0000       0.0000       1765.9       0.0000       0.0000       0.0000       86.836      -65.341      -132.37      -1655.0       0.0000    
  341.2529417       1.0000       0.0000       0.0000       1766.4       0.0000       0.0000       0.0000       86.667      -65.328      -132.37      -1655.3       0.0000    
  341.2719537       1.0000       0.0000       0.0000       1766.8       0.0000       0.0000       0.0000       86.492      -65.313      -132.37      -1655.6       0.0000    
  341.2926427       1.0000       0.0000       0.0000       1767.4       0.0000       0.0000       0.0000       86.303      -65.298      -132.37      -1656.0       0.0000    
  341.3153501       1.0000       0.0000       0.0000       1767.9       0.0000       0.0000       0.0000       86.095      -65.281      -132.37      -1656.4       0.0000    
  341.3408346       1.0000       0.0000       0.0000       1768.6       0.0000       0.0000       0.0000       85.863      -65.262      -132.37      -1656.8       0.0000    
  341.3695986       1.0000       0.0000       0.0000       1769.3       0.0000       0.0000       0.0000       85.603      -65.241      -132.37      -1657.3       0.0000    
  341.4029150       1.0000       0.0000       0.0000       1770.1       0.0000       0.0000       0.0000       85.304      -65.216      -132.37      -1657.8       0.0000    
  341.4420061       1.0000       0.0000       0.0000       1771.1       0.0000       0.0000       0.0000       84.954      -65.187      -132.37      -1658.5       0.0000    
  341.4891999       1.0000       0.0000       0.0000       1772.2       0.0000       0.0000       0.0000       84.536      -65.152      -132.37      -1659.2       0.0000    
  341.5478014       1.0000       0.0000       0.0000       1773.7       0.0000       0.0000       0.0000       84.021      -65.109      -132.37      -1660.2       0.0000    
  341.6239840       1.0000       0.0000       0.0000       1775.5       0.0000       0.0000       0.0000       83.359      -65.053      -132.37      -1661.4       0.0000    
  341.7273979       1.0000       0.0000       0.0000       1778.0       0.0000       0.0000       0.0000       82.474      -64.978      -132.37      -1663.1       0.0000    
  341.8824781       1.0000       0.0000       0.0000       1781.7       0.0000       0.0000      1.18774E-06   81.179      -64.866      -132.37      -1665.6       0.0000    
  342.0000000       1.0000       0.0000       0.0000       1784.4       0.0000       0.0000      2.88691E-06   80.214      -64.782      -132.37      -1667.5       0.0000    
  342.0000000       1.0000       0.0000       0.0000       1784.4       0.0000       0.0000      2.88375E-06   80.214      -64.782      -132.37      -1667.5       0.0000    
  342.0253099       1.0000       0.0000       0.0000       1785.0       0.0000       0.0000      3.97859E-06   80.006      -64.763      -132.37      -1667.9       0.0000    
  342.0506198       1.0000       0.0000       0.0000       1785.6       0.0000       0.0000      5.07346E-06   79.800      -64.745      -132.37      -1668.3       0.0000    
  342.1012396       1.0000       0.0000       0.0000       1786.7       0.0000       0.0000      7.26326E-06   79.399      -64.673      -132.37      -1669.0       0.0000    
  342.2024792       1.0000       0.0000       0.0000       1788.8       0.0000       0.0000      1.17147E-05   78.627      -64.490      -132.37      -1670.6       0.0000    
  342.4049584       1.0000       0.0000       0.0000       1793.0       0.0000       0.0000      2.64599E-05   77.127      -64.131      -132.37      -1673.6       0.0000    
  342.8099168       1.0000       0.0000       0.0000       1800.9       0.0000       0.0000      7.37079E-05   74.185      -63.422      -132.37      -1679.3       0.0000    
  343.0000000       1.0000       0.0000       0.0000       1804.5       0.0000       0.0000      1.03890E-04   72.825      -63.106      -132.37      -1681.9       0.0000    
  343.0000000       1.0000       0.0000       0.0000       1804.5       0.0000       0.0000      1.03890E-04   72.824      -63.106      -132.37      -1681.9       0.0000    
  343.0343953       1.0000       0.0000       0.0000       6695.0       0.0000       0.0000      1.09333E-04  -1576.7      -65.401      -211.01      -2462.5       0.0000    
  343.0687906       1.0000       0.0000       0.0000       6420.3       0.0000       0.0000      1.14790E-04  -1809.6      -67.021      -267.08      -2580.3       0.0000    
  343.1011780       1.0000       0.0000       0.0000       4779.6       0.0000       0.0000      1.19959E-04  -1484.7      -67.440      -283.01      -2432.4       0.0000    
  343.1334435       1.0000       0.0000       0.0000       3605.4       0.0000       0.0000      1.25084E-04  -1150.7      -67.225      -277.68      -2281.7       0.0000    
  343.1754500       1.0000       0.0000       0.0000       3275.7       0.0000       0.0000      1.31756E-04  -991.01      -66.833      -267.03      -2214.8       0.0000    
  343.2406228       1.0000       0.0000       0.0000       3489.0       0.0000       0.0000      1.40935E-04  -997.45      -66.594      -262.87      -2228.5       0.0000    
  343.3212050       1.0000       0.0000       0.0000       3580.9       0.0000       0.0000      1.51410E-04  -998.82      -66.475      -263.67      -2241.6       0.0000    
  343.4506987       1.0000       0.0000       0.0000       3521.0       0.0000       0.0000      1.66778E-04  -948.10      -66.262      -264.27      -2237.5       0.0000    
  343.6548112       1.0000       0.0000       0.0000       3429.6       0.0000       0.0000      1.85836E-04  -869.43      -65.895      -264.26      -2230.0       0.0000    
  344.0000000       1.0000       0.0000       0.0000       3311.9       0.0000       0.0000      2.05000E-04  -759.76      -65.266      -264.22      -2222.8       0.0000    
  344.0000000       1.0000       0.0000       0.0000       3311.9       0.0000       0.0000      2.05000E-04  -759.76      -65.266      -264.22      -2222.8       0.0000    
  344.0275162       1.0000       0.0000       0.0000       3302.8       0.0000       0.0000      2.05399E-04  -751.21      -65.216      -264.22      -2222.3       0.0000    
  344.0550325       1.0000       0.0000       0.0000       3293.9       0.0000       0.0000      2.05798E-04  -742.81      -65.166      -264.22      -2221.8       0.0000    
  344.1100650       1.0000       0.0000       0.0000       3276.5       0.0000       0.0000      2.06596E-04  -726.48      -65.073      -264.21      -2220.8       0.0000    
  344.2201299       1.0000       0.0000       0.0000       3243.6       0.0000       0.0000      2.07900E-04  -695.41      -64.894      -264.21      -2219.2       0.0000    
  344.4402598       1.0000       0.0000       0.0000       3185.3       0.0000       0.0000      2.07910E-04  -640.12      -64.532      -264.20      -2216.5       0.0000    
  344.8805197       1.0000       0.0000       0.0000       3089.4       0.0000       0.0000      2.07924E-04  -549.87      -63.804      -264.18      -2211.6       0.0000    
  345.0000000       1.0000       0.0000       0.0000       3065.0       0.0000       0.0000      2.07928E-04  -526.93      -63.607      -264.17      -2210.3       0.0000    
  345.0000000       1.0000       0.0000       0.0000       3065.0       0.0000       0.0000      2.07928E-04  -526.93      -63.607      -264.17      -2210.3       0.0000    
  345.3522079       1.0000       0.0000       0.0000       2999.9       0.0000       0.0000      2.07935E-04  -466.86      -63.078      -264.17      -2205.8       0.0000    
  345.7044157       1.0000       0.0000       0.0000       2941.0       0.0000       0.0000      2.07940E-04  -413.90      -62.561      -264.16      -2200.4       0.0000    
  346.0000000       1.0000       0.0000       0.0000       2897.6       0.0000       0.0000      2.07943E-04  -375.65      -62.126      -264.15      -2195.7       0.0000    
  346.0000000       1.0000       0.0000       0.0000       2897.6       0.0000       0.0000      2.07943E-04  -375.65      -62.126      -264.15      -2195.7       0.0000    
  346.2817663       1.0000       0.0000       0.0000       2860.9       0.0000       0.0000      2.07946E-04  -343.99      -61.816      -264.14      -2191.0       0.0000    
  346.5635326       1.0000       0.0000       0.0000       2828.1       0.0000       0.0000      2.07948E-04  -316.35      -61.540      -264.14      -2186.0       0.0000    
  347.0000000       1.0000       0.0000       0.0000       2784.2       0.0000       0.0000      2.07950E-04  -281.13      -61.111      -264.13      -2177.8       0.0000    
  347.0000000       1.0000       0.0000       0.0000       2784.2       0.0000       0.0000      2.07950E-04  -281.13      -61.111      -264.13      -2177.8       0.0000    
  347.2254130       1.0000       0.0000       0.0000       2763.2       0.0000       0.0000      2.07951E-04  -264.76      -60.920      -264.13      -2173.4       0.0000    
  347.4508261       1.0000       0.0000       0.0000       2743.7       0.0000       0.0000      2.07952E-04  -249.97      -60.743      -264.13      -2168.9       0.0000    
  347.9016521       1.0000       0.0000       0.0000       2709.3       0.0000       0.0000      2.07953E-04  -225.35      -60.388      -264.12      -2159.5       0.0000    
  348.0000000       1.0000       0.0000       0.0000       2702.0       0.0000       0.0000      2.07953E-04  -220.21      -60.310      -264.12      -2157.4       0.0000    
  348.0000000       1.0000       0.0000       0.0000       2702.0       0.0000       0.0000      2.07953E-04  -220.21      -60.310      -264.12      -2157.4       0.0000    
  348.3606609       1.0000       0.0000       0.0000       2677.7       0.0000       0.0000      2.07953E-04  -203.89      -60.112      -264.12      -2149.6       0.0000    
  348.7213217       1.0000       0.0000       0.0000       2655.4       0.0000       0.0000      2.07954E-04  -189.69      -59.935      -264.12      -2141.7       0.0000    
  349.0000000       1.0000       0.0000       0.0000       2639.2       0.0000       0.0000      2.07954E-04  -179.80      -59.798      -264.12      -2135.5       0.0000    
  349.0000000       1.0000       0.0000       0.0000       2639.2       0.0000       0.0000      2.07954E-04  -179.80      -59.798      -264.12      -2135.5       0.0000    
  349.2885287       1.0000       0.0000       0.0000       2623.5       0.0000       0.0000      2.07954E-04  -170.61      -59.764      -264.12      -2129.0       0.0000    
  349.5770574       1.0000       0.0000       0.0000       2608.7       0.0000       0.0000      2.07954E-04  -162.31      -59.764      -264.12      -2122.5       0.0000    
  350.0000000       1.0000       0.0000       0.0000       2588.5       0.0000       0.0000      2.07954E-04  -151.68      -59.764      -264.11      -2113.0       0.0000    
  350.0000000       1.0000       0.0000       0.0000       2588.5       0.0000       0.0000      2.07954E-04  -151.68      -59.764      -264.11      -2113.0       0.0000    
  350.2308229       1.0000       0.0000       0.0000       2578.1       0.0000       0.0000      2.07954E-04  -146.32      -59.861      -264.11      -2107.8       0.0000    
  350.4616459       1.0000       0.0000       0.0000       2568.2       0.0000       0.0000      2.07954E-04  -141.33      -59.997      -264.11      -2102.7       0.0000    
  350.9232918       1.0000       0.0000       0.0000       2549.6       0.0000       0.0000      2.07954E-04  -132.53      -60.270      -264.11      -2092.7       0.0000    
  351.0000000       1.0000       0.0000       0.0000       2546.5       0.0000       0.0000      2.07955E-04  -131.10      -60.316      -264.11      -2091.0       0.0000    
  351.0000000       1.0000       0.0000       0.0000       2546.5       0.0000       0.0000      2.07955E-04  -131.10      -60.316      -264.11      -2091.0       0.0000    
  351.3693167       1.0000       0.0000       0.0000       2532.7       0.0000       0.0000      2.07955E-04  -124.83      -60.594      -264.11      -2083.2       0.0000    
  351.7386334       1.0000       0.0000       0.0000       2519.7       0.0000       0.0000      2.07955E-04  -119.08      -60.885      -264.11      -2075.6       0.0000    
  352.0000000       1.0000       0.0000       0.0000       2510.8       0.0000       0.0000      2.07955E-04  -115.24      -61.091      -264.11      -2070.3       0.0000    
  352.0000000       1.0000       0.0000       0.0000       2510.8       0.0000       0.0000      2.07955E-04  -115.24      -61.091      -264.11      -2070.3       0.0000    
  352.2954534       1.0000       0.0000       0.0000       2501.2       0.0000       0.0000      2.07955E-04  -111.16      -61.369      -264.11      -2064.5       0.0000    
  352.5909067       1.0000       0.0000       0.0000       2492.0       0.0000       0.0000      2.07955E-04  -107.31      -61.661      -264.11      -2058.9       0.0000    
  353.0000000       1.0000       0.0000       0.0000       2480.0       0.0000       0.0000      2.05066E-04  -102.34      -62.064      -264.11      -2051.5       0.0000    
  353.0000000       1.0000       0.0000       0.0000       2480.0       0.0000       0.0000      2.05066E-04  -102.34      -62.064      -264.11      -2051.5       0.0000    
  353.2363627       1.0000       0.0000       0.0000       2473.5       0.0000       0.0000      1.93776E-04  -99.607      -62.380      -264.11      -2047.4       0.0000    
  353.4727254       1.0000       0.0000       0.0000       2467.2       0.0000       0.0000      1.74609E-04  -96.979      -62.730      -264.11      -2043.4       0.0000    
  353.9454508       1.0000       0.0000       0.0000       2455.6       0.0000       0.0000      1.12643E-04  -92.022      -63.429      -264.11      -2036.0       0.0000    
  354.0000000       1.0000       0.0000       0.0000       2454.3       0.0000       0.0000      1.03977E-04  -91.500      -63.510      -264.11      -2035.2       0.0000    
  354.0000000       1.0000       0.0000       0.0000       2454.3       0.0000       0.0000      1.03977E-04  -91.502      -63.510      -264.11      -2035.2       0.0000    
  354.0046237       1.0000       0.0000       0.0000       875.91       0.0000       0.0000      1.03243E-04   324.07      -63.388      -259.83      -1839.5       0.0000    
  354.0092475       1.0000       0.0000       0.0000      1.25320E-02   0.0000       0.0000      1.02508E-04   577.22      -63.201      -253.34      -1719.9       0.0000    
  354.0134996       1.0000       0.0000       0.0000       0.0000       0.0000       0.0000      1.01833E-04   608.50      -63.035      -247.60      -1704.6       0.0000    
  354.0183218       1.0000       0.0000       0.0000       0.0000       0.0000       0.0000      1.01067E-04   641.79      -62.855      -241.34      -1688.0       0.0000    
  354.0235101       1.0000       0.0000       0.0000       0.0000       0.0000       0.0000      1.00243E-04   675.25      -62.670      -234.89      -1670.9       0.0000    
  354.0295713       1.0000       0.0000       0.0000       0.0000       0.0000       0.0000      9.92798E-05   711.42      -62.464      -227.72      -1652.0       0.0000    
  354.0367419       1.0000       0.0000       0.0000       0.0000       0.0000       0.0000      9.81407E-05   750.56      -62.235      -219.72      -1630.8       0.0000    
  354.0460349       1.0000       0.0000       0.0000       0.0000       0.0000       0.0000      9.66645E-05   795.92      -61.959      -210.06      -1605.3       0.0000    
  354.0614279       1.0000       0.0000       0.0000       0.0000       0.0000       0.0000      9.42192E-05   859.26      -61.554      -195.78      -1567.7       0.0000    
  354.0775729       1.0000       0.0000       0.0000       0.0000       0.0000       0.0000      9.16545E-05   914.53      -61.174      -182.41      -1532.6       0.0000    
  354.0952766       1.0000       0.0000       0.0000       0.0000       0.0000       0.0000      8.88422E-05   968.91      -60.806      -169.48      -1498.6       0.0000    
  354.1128115       1.0000       0.0000       0.0000       0.0000       0.0000       0.0000      8.60567E-05   1011.9      -60.484      -158.10      -1468.9       0.0000    
  354.1321496       1.0000       0.0000       0.0000       0.0000       0.0000       0.0000      8.29848E-05   1044.2      -60.170      -146.89      -1440.2       0.0000    
  354.1529005       1.0000       0.0000       0.0000       0.0000       0.0000       0.0000      7.96884E-05   1074.4      -59.873      -136.23      -1412.9       0.0000    
  354.1761510       1.0000       0.0000       0.0000       0.0000       0.0000       0.0000      7.59950E-05   1103.4      -59.585      -125.77      -1386.2       0.0000    
  354.2021222       1.0000       0.0000       0.0000       322.87       0.0000       0.0000      7.19306E-05   1032.7      -59.439      -119.96      -1409.3       0.0000    
  354.2320602       1.0000       0.0000       0.0000       984.83       0.0000       0.0000      6.80395E-05   841.31      -59.596      -124.12      -1497.6       0.0000    
  354.2670946       1.0000       0.0000       0.0000       1145.2       0.0000       0.0000      6.34861E-05   772.97      -59.830      -130.67      -1533.2       0.0000    
  354.3091523       1.0000       0.0000       0.0000       996.49       0.0000       0.0000      5.80198E-05   795.75      -59.966      -133.70      -1523.6       0.0000    
  354.3610320       1.0000       0.0000       0.0000       870.87       0.0000       0.0000      5.12769E-05   822.00      -60.010      -133.28      -1507.9       0.0000    
  354.4278502       1.0000       0.0000       0.0000       868.50       0.0000       0.0000      4.33968E-05   815.31      -60.056      -132.39      -1505.2       0.0000    
  354.5178893       1.0000       0.0000       0.0000       906.53       0.0000       0.0000      3.42948E-05   792.41      -60.149      -132.22      -1508.5       0.0000    
  354.6471901       1.0000       0.0000       0.0000       939.11       0.0000       0.0000      2.25869E-05   764.78      -60.291      -132.28      -1510.8       0.0000    
  354.8514402       1.0000       0.0000       0.0000       978.74       0.0000       0.0000      9.32444E-06   725.81      -60.513      -132.30      -1511.6       0.0000    
  355.0000000       1.0000       0.0000       0.0000       1006.0       0.0000       0.0000      2.88826E-06   698.65      -60.674      -132.31      -1511.6       0.0000    
  355.0000000       1.0000       0.0000       0.0000       1006.0       0.0000       0.0000      2.88826E-06   698.65      -60.674      -132.31      -1511.6       0.0000    
  355.0034017       1.0000       0.0000       0.0000       1006.6       0.0000       0.0000      2.83913E-06   698.03      -60.678      -132.31      -1511.6       0.0000    
  355.0068033       1.0000       0.0000       0.0000       1007.2       0.0000       0.0000      2.79001E-06   697.41      -60.682      -132.31      -1511.6       0.0000    
  355.0136067       1.0000       0.0000       0.0000       1008.5       0.0000       0.0000      2.69176E-06   696.07      -60.689      -132.31      -1511.6       0.0000    
  355.0272133       1.0000       0.0000       0.0000       1011.0       0.0000       0.0000      2.49526E-06   693.18      -60.704      -132.31      -1511.6       0.0000    
  355.0544267       1.0000       0.0000       0.0000       1017.2       0.0000       0.0000      2.10227E-06   687.16      -60.733      -132.29      -1511.8       0.0000    
  355.1088533       1.0000       0.0000       0.0000       1030.3       0.0000       0.0000      1.31628E-06   674.81      -60.784      -132.29      -1512.1       0.0000    
  355.2177067       1.0000       0.0000       0.0000       1055.4       0.0000       0.0000       0.0000       650.60      -60.880      -132.29      -1512.8       0.0000    
  355.4354134       1.0000       0.0000       0.0000       1103.8       0.0000       0.0000       0.0000       603.64      -61.074      -132.29      -1514.0       0.0000    
  355.8708268       1.0000       0.0000       0.0000       1177.6       0.0000       0.0000       0.0000       531.15      -61.461      -132.31      -1515.0       0.0000    
  356.0000000       1.0000       0.0000       0.0000       1198.4       0.0000       0.0000       0.0000       510.79      -61.575      -132.32      -1515.2       0.0000    
  356.0000000       1.0000       0.0000       0.0000       1198.4       0.0000       0.0000       0.0000       510.79      -61.575      -132.32      -1515.2       0.0000    
  356.3483307       1.0000       0.0000       0.0000       1248.9       0.0000       0.0000       0.0000       461.86      -61.885      -132.32      -1516.5       0.0000    
  356.6966614       1.0000       0.0000       0.0000       1294.9       0.0000       0.0000       0.0000       418.15      -62.194      -132.33      -1518.5       0.0000    
  357.0000000       1.0000       0.0000       0.0000       1331.8       0.0000       0.0000       0.0000       383.77      -62.463      -132.33      -1520.7       0.0000    
  357.0000000       1.0000       0.0000       0.0000       1331.8       0.0000       0.0000       0.0000       383.77      -62.463      -132.33      -1520.7       0.0000    
  357.2786646       1.0000       0.0000       0.0000       1363.1       0.0000       0.0000       0.0000       355.11      -62.669      -132.34      -1523.2       0.0000    
  357.5573291       1.0000       0.0000       0.0000       1392.1       0.0000       0.0000       0.0000       329.15      -62.862      -132.34      -1526.1       0.0000    
  358.0000000       1.0000       0.0000       0.0000       1433.1       0.0000       0.0000       0.0000       293.85      -63.168      -132.34      -1531.4       0.0000    
  358.0000000       1.0000       0.0000       0.0000       1433.1       0.0000       0.0000       0.0000       293.85      -63.168      -132.34      -1531.4       0.0000    
  358.2229317       1.0000       0.0000       0.0000       1452.5       0.0000       0.0000       0.0000       277.42      -63.322      -132.34      -1534.3       0.0000    
  358.4458633       1.0000       0.0000       0.0000       1470.9       0.0000       0.0000       0.0000       262.27      -63.485      -132.35      -1537.3       0.0000    
  358.4664374       1.0000       0.0000       0.0000       1472.6       0.0000       0.0000       0.0000       260.88      -63.501      -132.35      -1537.6       0.0000    
  358.5075855       1.0000       0.0000       0.0000       1476.0       0.0000       0.0000       0.0000       258.12      -63.532      -132.35      -1538.2       0.0000    
  358.5075855       1.0000       0.0000       0.0000       1476.0       0.0000       0.0000       0.0000       258.12      -63.532      -132.35      -1538.2       0.0000    
  358.6859308       1.0000       0.0000       0.0000       1489.8       0.0000       0.0000       0.0000       247.02      -63.666      -132.35      -1540.8       0.0000    
  358.8642762       1.0000       0.0000       0.0000       1503.0       0.0000       0.0000       0.0000       236.63      -63.797      -132.35      -1543.5       0.0000    
  359.0000000       1.0000       0.0000       0.0000       1512.7       0.0000       0.0000       0.0000       229.11      -63.896      -132.35      -1545.5       0.0000    
  359.0000000       1.0000       0.0000       0.0000       1512.7       0.0000       0.0000       0.0000       229.11      -63.896      -132.35      -1545.5       0.0000    
  359.1426763       1.0000       0.0000       0.0000       1522.5       0.0000       0.0000       0.0000       221.61      -63.992      -132.35      -1547.8       0.0000    
  359.2853525       1.0000       0.0000       0.0000       1532.0       0.0000       0.0000       0.0000       214.49      -64.079      -132.35      -1550.1       0.0000    
  359.5707050       1.0000       0.0000       0.0000       1549.8       0.0000       0.0000       0.0000       201.62      -64.252      -132.35      -1554.8       0.0000    
  360.0000000       1.0000       0.0000       0.0000       1574.2       0.0000       0.0000       0.0000       184.85      -64.506      -132.35      -1562.2       0.0000    
